#Position (bp)	Coverage	Std
842194.5	2.5068648078708704	25.741990438142945
2725536.5	2.3317554276625416	19.268330164160027
4520500.0	3.0178551648248146	22.275389236840194
6403842.0	2.9118400497907753	21.090798230677915
9416710.5	2.6854787924869727	29.492826681485873
1.31833945E7	2.181476598514768	28.363526180517667
1.6393447E7	3.4504343637892365	73.937834055818
1.8255894E7	2.1101604986779883	19.345857504747602
1.88125255E7	5.025580282364202	33.11234691991956
2.0669924E7	2.5156243916769014	29.083651683713633
2.2553266E7	1.3469901896943755	10.773493881529957
2.29768995E7	3.6306837935747556	20.0402027959172
2.48251945E7	2.7471600407747196	22.10816243868365
2.63317415E7	2.615630439124604	8.688696775157974
2.82501305E7	2.6340579671668767	29.734504775083206
3.20168145E7	3.26175357423134	117.85106499215684
3.57834985E7	2.7778271285831253	28.52120457578275
3.89217675E7	2.371973429530164	32.751657170280254
4.07121995E7	2.353897722710339	15.950031595697684
4.13406145E7	3.3465181358303733	27.621151806596014
4.33168665E7	2.400025061831574	17.74538013236761
4.52151615E7	3.0289239617468064	9.636338772834169
4.70985035E7	2.7371476175464533	48.937247207034666
4.987304E7	2.5390606937612255	17.929251397360257
5.1756382E7	2.257236404830359	16.823273380798632
5.46169185E7	3.434520389817675	80.96639994411544
5.83836025E7	2.2956722677028387	16.451335191760315
6.14113315E7	2.1119730475791845	17.286387143848785
6.32946735E7	2.117585644592702	13.600404191574803
6.45308265E7	2.988889738092269	18.182259510836168
6.64141685E7	3.137945624697001	98.14936456318635
6.83876605E7	3.633700974550011	26.6803819425483
7.02710025E7	4.59062850599617	157.07568083608993
7.18346735E7	2.009061294022273	18.922421722295876
7.37180155E7	3.151603519293913	74.56008731341628
7.72170225E7	2.88445300959677	32.196041344877415
7.9187025E7	5.94779628550493	79.05153427898084
8.00616935E7	4.004937132617943	49.509130538570474
8.1858375E7	2.4115414948444664	17.967604080496685
8.4359141E7	2.4057865045230105	14.709339541621251
8.6242483E7	2.4265168389991554	18.09150999594026
8.85170745E7	3.0531594898855334	25.87791102235342
9.22837585E7	2.810360253209454	25.92623132172451
9.60504425E7	2.9866851055198684	62.28665416463525
9.98171265E7	2.894921633988941	72.92441466300703
1.035838105E8	2.617235478208419	24.77467444256479
1.07116429E8	3.8227443973160353	50.91834638422768
1.08999771E8	2.6307636110404995	14.292505797330097
1.111171785E8	3.222508179608377	47.98980834544833
1.148838625E8	2.8789741852515367	24.54558469522122
1.186505465E8	2.878437904533537	31.878435282936962
1.224172305E8	4.945403968052537	149.61047267237345
1.261839145E8	3.849371489617924	110.91441376268884
1.29561981E8	3.721080707514997	24.26103180655642
1.313743185E8	4.980213341393457	39.534602852748
1.31762936E8	4.309163503721595	22.5119870876241
1.33429936E8	2.9611377350374735	31.10990857392508
1.35313278E8	3.5252926345022475	39.26791896976653
1.374839665E8	4.548465971661015	251.46997446312912
1.40900476E8	3.612013690611104	36.451931644415374
1.42783818E8	2.5330442393720847	15.225369554724434
1.450173345E8	3.2200519077257344	95.99524538948074
1.487840185E8	4.276266870276349	118.55029070670709
1.525507025E8	2.860234890954484	29.559065359393397
1.563173865E8	3.551875867473884	98.32925014840386
1.600840705E8	3.1222895257473153	47.07150389334088
1.638507545E8	2.9860537809914502	29.798419195196644
1.676174385E8	2.9504612014174803	50.823285500701616
1.70006712E8	3.619149034997821	63.6139793188465
1.71890054E8	3.441871903836946	40.346304231862945
1.751508065E8	3.6659756963950256	66.67404458021348
1.77177396E8	2.1713677376568525	22.718488649606027
1.79060738E8	1.8243710327226481	12.796509425801396
1.826841745E8	3.3984058657429186	36.44759370742042
1.864508585E8	2.8755873866775126	20.708682202607367
1.886392405E8	3.111423092053501	28.563067782288176
1.905225825E8	2.676314165476569	30.779224230379533
1.939842265E8	3.4756916162863676	36.039572909029786
1.977509105E8	3.412166775869704	63.827481905116976
2.015175945E8	3.062726525506254	31.153372708083747
2.052842785E8	2.541571313123161	43.22711781372917
2.08575645E8	2.919928594992488	51.787501363473226
2.10458987E8	2.2094084480373644	9.790721226535373
2.128176465E8	2.5464392553237807	44.572976950687575
2.14985376E8	1.9511933541382795	11.816499640377598
2.16868718E8	2.780929351022809	37.034208314899146
2.203510145E8	2.382281072688869	18.26755277219286
2.232045515E8	2.34308154546251	17.819459594639852
2.250878935E8	2.5705861159265706	26.679965457654344
2.278843825E8	2.5894646325521333	50.56754520057286
2.316510665E8	2.6304574527621645	44.313670288879834
2.354177505E8	3.605199161915361	54.02587682730724
2.391844345E8	2.6219897926133435	34.33340705144748
2.429511185E8	2.8191180890141037	28.455075395380295
2.467178025E8	2.104230405311409	52.47276711524134
2.49194335E8	2.2307471208658938	28.727836167596365
2.51077677E8	1.183319943433	8.622165941553469
2.542511705E8	2.36498124079429	28.66638202414722
2.580178545E8	1.4479794429264574	9.32342988195456
2.61538386E8	2.713292810636765	60.50473780519613
2.63421728E8	1.5625069824600604	14.52035315311187
2.65043728E8	2.5437848308042863	38.3956546094077
2.6692707E8	3.8474190360683713	61.26977888626879
2.693179065E8	2.4858291802550996	27.025694582799684
2.717321685E8	0.8456895577488134	6.309207540495512
2.736155105E8	1.303844140364472	9.647509282004542
2.756930105E8	2.563881403104218	14.929811457198232
2.772252095E8	1.663355928045485	12.697662172711699
2.783834735E8	0.3345446157263565	2.5960575793779115
2.789568265E8	0.3769699833490842	2.477104556247887
2.808401685E8	0.37513003180963345	25.721678101723523
2.841337855E8	1.0504335415026784	24.82321312561537
2.860171275E8	2.8432852182717645	52.540339413191276
2.881513265E8	2.866306278944557	35.738876462549676
2.919180105E8	2.920860629667899	53.724509318586904
2.956113115E8	2.6125862519537737	25.964531145135854
2.974946535E8	2.9614488369240832	16.612522397664424
2.994513785E8	6.427767500538936	500.4147342639747
3.018711055E8	1.3660728767582986	8.287006702318264
3.037544475E8	2.210866419640716	16.42001959360114
3.069847465E8	3.0722656851490595	22.37973564789361
3.107514305E8	3.22618648126575	69.70204267046101
3.143364865E8	3.3496204415077973	65.2393212909711
3.162198285E8	3.7714256612416586	69.21799960463213
3.182847985E8	2.7048533935950028	26.328155601012256
3.21294614E8	3.250952641140693	69.5298653235488
3.23177956E8	2.362772397054442	69.69551635646931
3.25388527E8	3.189698373635596	41.21715914681721
3.27271869E8	3.666883515133036	22.912791926873982
3.295848505E8	2.659693247429304	25.072703344114817
3.333515345E8	2.836696680687841	47.10621355613921
3.371182185E8	3.0473153574868506	31.741088609582256
3.408849025E8	2.8360478341161617	55.06497557561774
3.446515865E8	3.2943031589589147	28.9992573771863
3.484182705E8	2.8203358710207707	45.70459835762915
3.521849545E8	3.0448205902061334	57.19707650390779
3.559516385E8	2.5875340219673326	20.49621560162467
3.597183225E8	2.516371960058237	33.070661857361884
3.634850065E8	7.4799961982475835	1820.2795107173886
3.672516905E8	2.2742974988079703	19.068917338373748
3.710183745E8	2.9454764455951175	30.196434286829433
3.747850585E8	3.102692978757974	27.82204328137539
3.77416187E8	2.705070899247312	16.21795978467635
3.79299529E8	3.001777103805142	27.03111964098194
3.809707145E8	2.090418759218117	12.824366806841399
3.823972095E8	2.475766249656233	98.74034164041606
3.837449215E8	3.4010576845202003	53.854834562109616
3.860851105E8	6.3156296094920625	498.1097370069565
3.88047942E8	0.5239685744658099	3.2130647211670813
3.89931284E8	2.592202799286527	35.92601347672139
3.936184785E8	3.2170253729805847	28.767424661395545
3.973851625E8	2.6765454707642053	33.44673614170859
4.011518465E8	2.745058518314783	27.30974646312014
4.049185305E8	2.6280293223429414	35.55777932321821
4.086852145E8	2.7519507874831017	33.04584841387532
4.124518985E8	3.068396499414339	34.74302817558038
4.162185825E8	10.227186034188161	3653.872267021123
4.199852665E8	1.933614022307154	19.00391130274756
4.237519505E8	2.5700735713428577	19.291148532589343
4.275186345E8	2.172749559028578	22.721675750559864
4.312853185E8	1.9981004512191625	20.826973223631143
4.350520025E8	2.188957183559863	25.699244134300102
4.388186865E8	3.085856950038814	88.15221375539325
4.425853705E8	2.773505024578648	32.82901174227543
4.446755915E8	2.5786691737682412	15.436257531785962
4.465589335E8	4.226920009567762	40.887138844692814
4.501187385E8	3.965260690835759	34.37232461318705
4.538854225E8	2.515336301107287	22.175836724499586
4.576521065E8	2.8562236704751447	60.37225989450141
4.60959575E8	2.275114254246375	19.428164881807668
4.62842917E8	5.877715364572842	118.71135894333047
4.635117425E8	4.042023281331997	19.35323118676688
4.653950845E8	3.5302488689945584	60.672481535319136
4.68541234E8	2.7488035832228292	32.48442891602135
4.70424576E8	2.7438787417153274	24.524144899938264
4.727188425E8	3.431596332477054	69.98838939204043
4.74870115E8	2.0988017414963953	9.376569310169781
4.767439775E8	1.671677879262634	39.37005524574393
4.78359389E8	0.26763014926947626	1.2255521010645165
4.802522105E8	2.5753044322273917	22.785503751526925
4.83689518E8	3.3689348315647933	47.898737354973136
4.8557286E8	3.016769563098764	20.36093779585269
4.862368535E8	2.4107292815368018	25.36837149871106
4.881067875E8	2.8939867141443756	25.09870653340748
4.896555125E8	3.6319361575178997	26.122516896759386
4.911810125E8	2.5230862275575823	26.49317729086322
4.930643545E8	3.7606949494949493	68.13412915386499
4.935384685E8	5.125189570695287	93.33194535130816
4.954218105E8	2.6535146741493016	30.98283889298113
4.990856305E8	3.4581695730249735	43.54131222490649
5.028523145E8	2.7885933622252357	23.840310885560548
5.066189985E8	2.903291860957808	31.846808262578403
5.103856825E8	3.082657053259578	145.03918583262578
5.130466785E8	3.231221725857515	52.002639980190715
5.149300205E8	2.4524314273104166	59.9731542761801
5.163952645E8	11.123271479268876	61.637349975773255
5.182786065E8	3.373803801846191	101.15133711068493
5.20965284E8	2.601952116770997	50.45857144999502
5.22848626E8	3.374932767761283	52.20444244789756
5.254524185E8	2.680822973204017	30.372874988707633
5.292191025E8	2.283819136407514	39.06206461117006
5.329857865E8	2.2079622288463807	17.901396447927315
5.35029338E8	1.5927582321897267	8.75386931135694
5.3691268E8	2.4717997600300614	25.915471897369112
5.405191545E8	3.093959567619689	46.16058576223862
5.44240468E8	2.982541894692056	26.51312874592879
5.4612381E8	3.1737362383046253	21.18768087949041
5.480525225E8	1.9548958712756366	19.401394417696363
5.518192065E8	3.2409926078216276	56.67831965250804
5.555858905E8	2.4980969999076112	26.985803338894026
5.58625207E8	2.3038185530909203	16.367215352541752
5.60508549E8	2.367067541510997	20.40673223259903
5.631192585E8	3.1610010290218136	78.50247437383143
5.668859425E8	2.8284159223338086	23.784223956592278
5.69000233E8	1.165716599155223	5.026805566882081
5.70883575E8	2.499887284717593	37.61503751747673
5.73468742E8	2.0579352865406233	17.130647338092565
5.752691035E8	4.219366796221248	114.83970624464696
5.76219672E8	3.919414802272823	21.62069495048438
5.781859945E8	2.3685071537723896	29.863383733071718
5.819526785E8	2.09432965441221	15.548781997768527
5.857193625E8	2.172996991518269	27.59458324270633
5.894860465E8	3.249811239806684	34.38769028610957
5.932527305E8	4.518127350210424	43.52452315773824
5.970194145E8	2.0408653871681297	97.40113398469146
5.98951926E8	8.457305850171347	54.294995178083
6.001632245E8	2.545964776715838	52.807782699224916
6.01997397E8	1.647766104426276	11.852685792430135
6.02823052E8	1.9185249802260897	11.326788885088696
6.0332906E8	4.345470230266192	53.95013530030526
6.050587905E8	2.14071169375039	19.02800508041455
6.068515305E8	4.179476223261099	31.193176875985397
6.087348725E8	4.071817504305365	95.53448655332797
6.120861505E8	2.8443718666073394	39.620282442301374
6.150565535E8	2.177998750760077	22.602334188466134
6.169398955E8	3.3735377335387886	33.707187865066594
6.194423305E8	0.5460178272301328	7.3748229754364205
6.213256725E8	5.528136781271869	183.63830788447154
6.2231967E8	2.429611188410517	19.54365774228873
6.24203012E8	9.863306556527814	457.61824725256736
6.271528865E8	3.0089394278893584	40.57974175565307
6.306976955E8	3.054104595517094	25.518953924994797
6.325810375E8	2.4547335211267605	22.93722603167543
6.346862545E8	2.596178229976287	18.555605368906505
6.371886395E8	2.720802916760225	31.423171189452997
6.390719815E8	3.1494239100086294	33.99680179744477
6.422196225E8	2.8231670084350053	19.596005035392402
6.459863065E8	2.595767258416156	28.017450513728537
6.479243085E8	1.2094127332601536	9.736444600455483
6.498076505E8	2.615292872134138	35.70222426250593
6.528595015E8	2.6857923966352972	17.47228468924011
6.547428435E8	1.6659178730423692	14.940108652172189
6.56251923E8	1.8126201177632637	18.329872444238617
6.58135265E8	2.931404616334223	26.57590309651214
6.59475168E8	1.9002430700483686	15.53191801746281
6.599226355E8	1.8550070422535212	11.227492822105145
6.604039105E8	2.9460747181489944	22.574839158974534
6.61839785E8	3.7775550691022564	64.58945189499438
6.648197265E8	2.9358294988377045	40.284795980256504
6.681355135E8	3.405027767209212	43.99282441706355
6.700188555E8	2.3563130825887066	15.811243405320715
6.715351135E8	2.5373483729928163	19.312982063796344
6.728611785E8	2.17680396158095	12.467926123888256
6.736791595E8	3.344133168962652	35.69376437468471
6.745003555E8	5.655991042706285	88.8423189831677
6.75816132E8	1.935060119835624	13.276087947364747
6.77435555E8	3.2120054865914156	61.38172375187245
6.798864625E8	2.6738802617899458	30.595351545636348
6.818510355E8	1.2846634905393262	15.324297990423961
6.837343775E8	1.8338917525058112	12.980103111747887
6.874198305E8	2.8590702060486093	35.50797629643208
6.90340413E8	2.6079751995800393	23.494245892894345
6.92223755E8	3.536933807586915	50.97796562054316
6.934782645E8	0.8561891539832717	6.211082138501937
6.947381725E8	2.6098854961832063	20.9604429187871
6.962131065E8	3.2662318705749125	35.332582184170185
6.987198825E8	3.63733007600319	44.07222231067686
7.024865665E8	4.2749832478647	29.756342202125783
7.046052905E8	2.8543601464852877	63.466093594564306
7.04962553E8	3.1352882536582967	62.48420524818731
7.06585573E8	2.7917528650734993	24.952658585452514
7.081116525E8	1.628568564554932	5.203256413586907
7.100199345E8	1.935657729716642	33.88750737015735
7.13064809E8	2.900202964617865	24.926901994770827
7.14948151E8	3.4374159664011072	82.42558417589525
7.16414329E8	2.9261877685581807	32.720096894677205
7.18297671E8	1.571553684084836	18.730080238099305
7.213199865E8	3.3935955338966584	23.565943128604214
7.250866705E8	1.7069653307790087	22.099345025302856
7.27711855E8	0.37879671224013184	3.858435692224129
7.29595197E8	2.995777483914798	58.723103674159695
7.326200385E8	2.337364642215806	29.49843473243799
7.35474039E8	0.7385388372944759	7.0234788634783145
7.37357381E8	3.1271815476011127	28.643511221783648
7.401534065E8	2.324781956755597	27.29681808088673
7.42275044E8	1.467167865108657	12.28733981376202
7.44158386E8	5.814791557563875	1186.5117351079653
7.471764995E8	2.9831854527127954	25.393828510602283
7.490598415E8	3.8149909362598597	32.63514851390024
7.514534585E8	2.436363655671673	28.448379832965422
7.552201425E8	2.5149640904307344	31.6235714796967
7.578793465E8	2.544468603952765	106.50529675430471
7.597626885E8	2.4337161844909163	21.974550971517633
7.627535105E8	2.7558669641520233	40.705953738520634
7.654055305E8	1.2629865821579387	12.089197930821149
7.672888725E8	0.999117671334142	7.393637838072359
7.702868785E8	2.959289921851687	41.805317523270084
7.739557755E8	2.7318186782260976	22.56879497680809
7.758391175E8	0.33130170677083864	2.5306349047537915
7.769674385E8	2.7046584586243636	47.1567262378231
7.788507805E8	1.872539305447416	40.51179297903822
7.815869305E8	2.948378733124414	82.20212444187422
7.851199655E8	3.4214593260685473	80.73952469196828
7.870033075E8	1.8622634806911222	46.754316067088645
7.891202985E8	3.0822766125324024	41.67838559800537
7.912526495E8	2.9425221578336527	22.20965654161299
7.931359915E8	2.4644839821505165	21.979280140030646
7.961114915E8	3.158984675286523	35.00461142614441
7.979948335E8	1.861324295660995	26.032681043576652
8.004203505E8	3.5028059162913587	141.81366649195328
8.041870345E8	2.956034538602123	18.75526198609478
8.079537185E8	2.9649896301362153	67.23254036461995
8.104424105E8	3.661315767737672	58.99942747509251
8.123257525E8	2.804562156883611	35.61693743188052
8.14765446E8	3.7571054182162973	52.947451807242615
8.16648788E8	2.6665673559064382	35.88984091291678
8.192537705E8	4.205699230410621	116.77229696619213
8.230204545E8	2.7333766251695124	29.32018163570207
8.267871385E8	2.2910018467171653	18.119537386119685
8.29050486E8	2.6447393524567406	19.66790438857264
8.30933828E8	3.8059599430998983	74.73506874413606
8.343205065E8	2.7928820150562137	28.802221428993793
8.380871905E8	3.1252839367464857	40.833384327829336
8.417711155E8	2.4285925725167905	37.26917911798962
8.436544575E8	3.947884822194565	18.484817417802365
8.456205585E8	3.2000276635895126	30.645274136657434
8.48102355E8	2.3441038541777193	20.89378771666105
8.49985697E8	4.615195104629783	23.845054875617052
8.531539265E8	3.0964423880527274	30.225769936023475
8.569206105E8	2.9375580749539916	45.478550699849436
8.597303395E8	1.2730926707736616	7.811522495564701
8.60838373E8	5.4288329254898935	141.57385113931517
8.61795328E8	3.3528879149396658	73.22914248897719
8.644539785E8	3.754154582651478	86.07107498886188
8.6714817E8	4.4548852777241645	148.87607994835847
8.69031512E8	2.00356039785826	36.86375088923106
8.719873465E8	2.8804152405670345	66.87789086040605
8.757540305E8	3.3203082605283587	131.27443118970248
8.795207145E8	3.307033454359325	154.45381237814885
8.83064038E8	2.8168133199074807	34.933454194092896
8.8494738E8	1.6339840750714651	13.656653012634381
8.870540825E8	3.3685143218809968	208.60863574801635
8.908207665E8	2.3261985874047304	29.647712690181457
8.94093564E8	2.54729028745433	25.012364787054853
8.956153455E8	4.585614316158578	31.986706318000518
8.96109232E8	3.8072010078534575	19.823310788564577
8.97100687E8	2.1844531107987133	28.731118239661395
8.98984029E8	2.084928168112346	15.265455677771826
9.021208185E8	2.4124107570478435	24.347659820959525
9.058875025E8	1.9140063249266464	17.98028273545628
9.096541865E8	3.0509737477314265	30.805469146073815
9.134208705E8	2.4014658516615675	16.680541279857966
9.16819397E8	2.61672819382722	19.428072140945446
9.18702739E8	1.6423269932026374	31.556411482526165
9.209542385E8	3.6405610345863897	95.01346782920682
9.24115581E8	2.954752365120358	20.76896165558751
9.25998923E8	2.219083773374203	12.134782370252827
9.266727335E8	2.452540565803502	11.331344281040524
9.285560755E8	2.893003532478581	22.732568664774508
9.322542905E8	3.115438937803118	93.24395193198326
9.360209745E8	2.603263241620481	35.000864482185115
9.397876585E8	2.319654369732104	23.700641631915108
9.424939575E8	2.945506265819478	20.730138828458102
9.443772995E8	8.090667540563098	380.26916698228797
9.45823489E8	2.810197911118196	14.773615614630113
9.47706831E8	2.547066434062586	18.12564986859835
9.507062095E8	2.3280620252077284	17.548418667165823
9.525895515E8	3.622053415325255	50.93258366018002
9.548543945E8	3.0133292306973454	23.92006457206072
9.586210785E8	3.634796813324399	80.38825023162669
9.623877625E8	2.516559923795041	29.31287510208267
9.661544465E8	3.127924986539885	44.87522329290505
9.685246195E8	2.4621850293017493	21.995839678815013
9.700480895E8	1.5679412022893215	11.15905119811601
9.714446005E8	1.7764080006224436	11.98920421210704
9.718634975E8	0.07986446421008048	0.8204811555158009
9.737468395E8	2.62282185606997	25.61619963744133
9.774544985E8	3.004809535389749	80.0107118071228
9.812211825E8	3.4479706819048266	147.81114327777226
9.83105542E8	0.5931203931203931	1.2376167951734218
9.834553125E8	1.5579894653235957	8.14301408253029
9.85337637E8	1.9132313035290496	25.610336890876948
9.876671945E8	2.526851602917639	37.18086079334141
9.890351805E8	2.2541031468531467	16.081816519051806
9.901225365E8	1.3099139235790405	8.88919876299597
9.925212345E8	1.408058387695915	25.132428531158595
9.957658785E8	2.1787997813857616	21.931470401622335
9.973638575E8	2.3433983868309975	35.04343909337505
9.978858975E8	1.699645714405862	9.810996283217174
9.983728775E8	2.189773183808905	13.610922195561724
9.990314945E8	3.4079682713347923	61.2618009888207
1.0007132195E9	2.3026356937271633	14.858941916970888
1.003790889E9	3.034076843639947	32.276123904903805
1.005674231E9	3.2510568303314415	11.953261090386944
1.0075879705E9	2.112954524457056	21.51019973779876
1.01039704E9	2.199716439232928	19.832682038741734
1.012280382E9	6.443357948318452	445.1044350751243
1.0151213385E9	2.7136693707250195	59.46958489757864
1.018238724E9	0.8722030463269731	14.327779912490932
1.020122066E9	1.7107794026938303	12.570334022129899
1.0226547065E9	2.885527694916802	22.192952402402476
1.0264213905E9	2.060599986619531	24.73017904230554
1.0301880745E9	2.798563404840969	34.31314707352891
1.0339547585E9	2.9815622972354463	62.46952692655148
1.0370261005E9	2.2676645622895624	17.448527971350575
1.0389094425E9	3.167318384334615	39.941040809086395
1.0414881265E9	2.1731281413572257	14.499097980366425
1.0433834215E9	1.218606207646616	4.842987739345777
1.0452667635E9	3.5900213691541416	181.69267047393447
1.0490214945E9	2.918459047799072	26.35594988310955
1.0527881785E9	2.526289436544186	21.590675537398884
1.0565548625E9	2.4318740303141966	26.481319591323107
1.0603215465E9	2.482410257935096	30.59130048551081
1.064026092E9	3.151894887089773	35.210897199000705
1.065909434E9	3.103808427947247	26.47045116342477
1.066430379E9	2.4134466272818718	15.209376007623018
1.068313721E9	2.138068163271466	29.628245460193963
1.0698941215E9	0.010669489622429666	0.2849196827386759
1.0712999975E9	0.9953924405465232	6.917230120283818
1.0730274745E9	1.0597079163751975	13.321475729009816
1.0753882825E9	4.323727182848362	79.63122433245086
1.0778226E9	5.652444618680867	593.6082787231313
1.079705942E9	3.3822724453069033	28.618212582052013
1.0829216505E9	1.6499289560791401	27.4716095352307
1.0853788625E9	0.8698363740916932	8.356587068956925
1.0866432905E9	1.1703680212234164	7.0849682886372385
1.0879527625E9	2.0304606132677563	17.408741492026408
1.0898651325E9	3.0533129847478384	30.259807859202976
1.0915730595E9	2.4778898885567386	20.651226942701726
1.0921629455E9	1.7160647607103154	9.90648001096075
1.0942217025E9	2.8752401316383325	42.92311138766729
1.0979883865E9	2.2632636557778674	19.21318168542033
1.1003286295E9	0.9621613872589467	4.2973670808036415
1.1022119715E9	2.465394292508418	18.305020310315285
1.1055217545E9	2.2873185008352173	19.49558268541899
1.108075334E9	1.942021298420336	13.726986920022178
1.109958676E9	3.708524698408093	87.93427777142466
1.1130551225E9	2.4207077100176178	21.526230186575745
1.1168194585E9	2.0126893015076073	54.67764125440597
1.1187028005E9	0.03215502555366269	0.1793182242653063
1.1198641195E9	2.0620257107382325	24.187991198377635
1.1217474615E9	2.7906783954630985	17.460128331288306
1.123412222E9	2.5991123890685723	32.921100697061576
1.125295564E9	2.2470734209835594	35.400836003206024
1.1281218585E9	3.023553077454865	82.83418698697808
1.1318885425E9	1.7674577957694353	14.819037494566459
1.13411238E9	2.5510087504827523	13.604775863592367
1.1355781975E9	3.82047804983818	48.42069628162694
1.137121044E9	2.491302905577996	22.85324745919221
1.13840769E9	1.639602172998827	12.618213307830915
1.140291032E9	2.361247874599261	12.783423599526383
1.1431885945E9	2.8222866585038724	20.291017386357005
1.146229175E9	2.838969667877451	51.483925197665314
1.1475237E9	2.5000819454207077	14.137768148469917
1.1482498035E9	3.7101204618752517	86.7446878669844
1.1507219625E9	4.705626221897032	199.29687650382877
1.1531187805E9	1.469388053190412	15.655886870321252
1.154779049E9	1.434294347059298	10.859864814159007
1.156148915E9	1.1097082351780916	5.550217278088484
1.1582553305E9	3.1369050337113493	44.678445144014695
1.1620220145E9	1.1527890314133067	13.683356497155694
1.165006056E9	0.9809707372448156	25.376587315457577
1.166889398E9	1.8530274039551902	56.32091083174609
1.1693783385E9	2.2525868869329977	18.602684144061566
1.1712616805E9	5.318739974243691	41.63789099587751
1.1733220665E9	2.9784606300926755	63.72857552662108
1.1770887505E9	2.656571403388232	33.58022665010143
1.1808554345E9	4.402158768826904	248.84204745197744
1.18295572E9	4.570968938917276	77.59255824714045
1.184839062E9	3.788934639583509	66.06288749662171
1.1871227565E9	2.3337742347269383	13.570665388957108
1.1890060985E9	2.308976135148328	16.398016784011794
1.1921554865E9	2.694586272700338	28.647417267522947
1.194208376E9	0.9498164231262626	2.576045527065347
1.196091718E9	2.90879332382033	23.02614329311528
1.1996888545E9	3.709732220701285	100.03671733266954
1.2034555385E9	2.8510419244088436	23.143088145464006
1.205964286E9	3.0386437279493066	29.305420740438425
1.207847628E9	2.8219015824725653	21.687894943811035
1.2109889065E9	3.5180816867037428	247.04083460922143
1.2143429055E9	2.1551286261854394	18.7015101805831
1.2162262475E9	3.527322291820638	129.98054443453216
1.216801628E9	6.354662544446527	58.150920858577855
1.2172147425E9	2.0292110422931167	14.636448607764358
1.217698548E9	3.0086037538589423	36.27217541473007
1.219147923E9	9.521394322396963	48.65828677946364
1.220384764E9	0.9176837309675099	4.447075178200913
1.2222889585E9	2.79379475421883	24.106878590271904
1.2246821905E9	2.2233393477024457	16.843477023267628
1.2265655325E9	2.7893868879291013	21.860584458903375
1.2298223265E9	3.4342947271393087	43.862175256174716
1.2319288975E9	3.798014594877906	22.218184858828664
1.232929972E9	2.8839107509139024	16.669690767545838
1.234590085E9	2.7418611702233164	29.508243842131503
1.2357352285E9	1.7638468327272174	7.66806885001802
1.2376185705E9	2.346273849621035	30.580049485898716
1.2411223785E9	1.6039030616850258	24.01066921102767
1.24369572E9	0.024248568296063984	0.5829356862965085
1.245579062E9	2.293619392588465	22.66162199456216
1.2486557465E9	2.9896412866064686	38.498837600719376
1.2524224305E9	3.0228033463916804	40.719571294771434
1.2558304725E9	3.179596314028989	33.88507962759034
1.2577138145E9	3.467555389497047	22.788972174011395
1.2599557985E9	2.5306144608892067	24.143900026162747
1.2637224825E9	5.590794449441471	56.322496578448614
1.266399777E9	2.9847264162528613	50.022239010923805
1.268283119E9	4.167878430992771	142.13645784207273
1.2702648215E9	3.11040800705582	22.802686337108454
1.2721481635E9	2.8193619964703354	22.28348307619664
1.2750225345E9	3.4525322538338763	34.06044880557852
1.2787892185E9	3.5086516416030653	42.53993073189734
1.2825559025E9	2.227142494565512	17.146511097560822
1.2863225865E9	3.1012484721309246	53.27092449068901
1.2900892705E9	2.1144940748945227	14.902340802802353
1.292905651E9	5.0012052021433195	126.54785732733644
1.294788993E9	1.9127894404261376	12.954767170155694
1.2976226385E9	2.105878539319996	21.96136024554317
1.3007819595E9	2.6021172762247655	33.67994891546577
1.3026653015E9	2.8924555825758236	14.406351187682299
1.3051560065E9	2.8683189245500817	44.95715238205888
1.308125637E9	2.2555670063707756	20.55755011317227
1.3099530335E9	1.8627271598741344	24.133227703594823
1.310750087E9	8.014603498047206	53.491975171134676
1.311716273E9	2.737170560967129	68.75482268186276
1.313599615E9	1.0860994459468	17.293232754519757
1.3164560585E9	2.856617650963022	30.822487124444454
1.3183475355E9	3.8602950215119853	14.670901169274615
1.318611917E9	2.5291974719654706	17.605595490732863
1.320487124E9	3.393654446788541	44.37628320220146
1.3221606575E9	3.42982793689187	22.15345826873992
1.3240439995E9	1.2517431124433978	40.657984259092075
1.3260730735E9	2.684583510147026	23.717879170925904
1.3279564155E9	0.015221590493851293	0.4091825576247553
1.3315227945E9	0.02625173760262342	0.4600633847987892
1.3352894785E9	0.09995555772663701	2.111678507022231
1.3390561625E9	0.1245891611826211	1.723727117793558
1.341349871E9	13.61445561467615	832.781584273753
1.343233213E9	1.1528331598183406	15.434690125975852
1.3465895305E9	0.5227244971970041	13.607090717412106
1.350223075E9	0.8539788967276644	66.0165741523284
1.352106417E9	1.9963421824477334	17.533781578583028
1.3541228985E9	1.6642797749957257	15.779852921139476
1.3578895825E9	0.3699734302107636	4.9866308606170415
1.359988153E9	0.40382663076683617	3.6090935925321146
1.361871495E9	0.04193449666344646	0.6922215194389604
1.3654229505E9	0.07090294805723017	5.648516892832656
1.367348837E9	0.5411510300978974	2.9100440996397605
1.369232179E9	0.8450573732308958	7.8982633240251925
1.3724826175E9	0.20886736410192383	3.617839012971266
1.3743659595E9	0.7945708368781151	10.305651508552037
1.3767230025E9	0.029369864846639643	1.1871328484012245
1.37900384E9	0.02658520662498066	0.47232198775454426
1.380887182E9	0.32246769770632433	17.06463740962325
1.383457576E9	0.009787492018560736	0.21070342833019587
1.385340918E9	0.8921305792666324	11.686573967666012
1.387776858E9	0.38994793071232825	17.42797464829639
1.3896602E9	3.824331377578479	23.2469769945646
1.391752518E9	2.1474569794024934	41.01765779311265
1.39363586E9	0.011660240996225198	0.23110912249160137
1.3955423535E9	0.1463047398641076	5.0814385084627185
1.3974256955E9	0.45173786338758976	1.7029469842901348
1.399322655E9	1.0932924670871726	14.024383597016593
1.401205997E9	0.6245847176079734	1.7759311191535136
1.402779497E9	0.8007270595916146	6.854618917298258
1.404662839E9	0.019293024185166624	0.3479037484390631
1.406187339E9	0.14210968233162974	6.571102051607252
1.408070681E9	0.04822117493392594	0.6767442097808419
1.409581681E9	0.03967740651850743	0.7723847424912397
1.411465023E9	0.0730591875484588	0.9674255535470524
1.412955023E9	0.0898093183731028	1.08209266495916
1.414838365E9	0.06970110177621645	2.305316649252608
1.416314865E9	0.033276952051918766	0.6533133217114281
1.4177770455E9	1.2983354452657514	137.7988546205711
1.419618707E9	0.4380872895551944	3.985915573283677
1.4208732825E9	0.1541634769754288	12.431307557089333
1.4227566245E9	0.03473000053336991	0.6512961738994325
1.4239516245E9	0.006975846476232492	0.23529898333481722
1.4252805205E9	2.828347372582411	36.8581233968765
1.4270187905E9	1.4607418937101178	8.444362501443731
1.4281244605E9	12.770517067471664	23.24856046101718
1.4297276525E9	20.969271403692886	37.10699276802561
1.4310597705E9	0.19792075673746207	1.6721255713815166
1.4321072705E9	0.17580178536521796	1.6220420447280168
1.433901205E9	1.21114725577875	26.814793849907844
1.435017197E9	0.5015295137432542	3.0016204181934754
1.435976007E9	0.5997676565227268	5.276538617598842
1.437770491E9	2.077864490858373	14.120432731690311
1.4387844305E9	1.1893470480992145	7.278715404866157
1.4396449305E9	1.92331547531109	27.05624896783563
1.4412610725E9	0.042333333333333334	0.7276567255531603
1.4423727725E9	0.07911302395209581	3.7393043578770535
1.4431587725E9	0.032779491133384735	0.49676769406418153
1.4444460725E9	0.36705074821080025	5.2607477742034545
1.4458106145E9	0.355803785639267	5.646179451216066
1.4464626145E9	0.17266521319561098	3.830631468301486
1.4471649735E9	0.9933531971639895	17.221986818783126
1.4484408745E9	0.522626687847498	16.963900745839506
1.4496218575E9	1.093196889115349	16.732258731445256
1.4502383575E9	0.9205669286494301	12.776634250123607
1.4508763745E9	0.24956195462478184	3.1285554991631206
1.4520218745E9	0.6037615720524018	5.608098401917491
1.4531303745E9	0.735222947761194	6.0184543622468185
1.4538031995E9	0.018077836652658507	0.3410037740381725
1.4542691995E9	0.03491759702286018	0.584450806091188
1.4550418745E9	0.024320180383314544	0.32228748361820697
1.4559046405E9	0.018945013428229334	0.37391947432564976
1.4567389065E9	0.8078168674698795	9.071176316169593
1.4574303075E9	0.5057380400215629	3.5609984937365664
1.4578326605E9	0.7321876587906504	2.890564916426759
1.4583377155E9	10.629888183422446	18.294218857038125
1.4590933185E9	0.47805179282868526	2.9861279542850387
1.459836676E9	0.9075908220494333	5.664258357253093
1.4605650305E9	5.150492258580292	98.99216057011303
1.46119996E9	0.017689923472886362	0.28916853789559754
1.46155196E9	0.0215419861902186	0.3526443478685322
1.4619770275E9	0.6723722943722944	5.789141574807112
1.4626570315E9	0.01992180003838035	0.36941728141298835
1.4633240355E9	0.8163898050974513	7.186281700410941
1.4639475355E9	2.425796551724138	17.582888282214263
1.4645250355E9	0.23480347826086956	1.9403123908054196
1.465026306E9	0.4580636710865157	5.170892157087135
1.465306447E9	0.4228083259882026	2.149242538477399
1.4656521245E9	0.23294797480908105	2.0726674441936055
1.466191361E9	0.5296051429329875	4.70799203720737
1.466707608E9	35.02223024178997	907.7293704340511
1.4672094255E9	1.9778696537678209	15.749763584040137
1.467686418E9	0.01569165307731352	0.334569382661387
1.4681478745E9	2.2715403280513473	9.679607882175514
1.4686029165E9	0.01790712552981633	0.436911434987012
1.4689173775E9	0.6135898325184879	3.0999239760959796
1.469136474E9	0.4927821699360514	5.162397194941905
1.46947457E9	1.280088299161398	5.600379740360135
1.4698911115E9	1.272308667893293	19.84402534704499
1.470303225E9	3.1939231544290516	57.211517127535195
1.4707061795E9	0.008286432160804021	0.26165303659195116
1.4711037095E9	0.012093890092177505	0.2261100936317302
1.4714859995E9	2.3789861776229864	13.739141535114126
1.4718500525E9	0.7298397608337539	4.3010407701379725
1.4722012425E9	0.17677021831863637	2.3396247336433036
1.4725402275E9	2.4925366474703727	14.035052848572892
1.47274088E9	0.6195243286400836	2.6122190513636614
1.472908492E9	0.6476165793517096	10.895321581256095
1.4732100395E9	2.9884834834834835	23.47374490147875
1.473541107E9	0.05669709997417473	1.0472702037242687
1.473869051E9	0.4416424638794441	2.441882770801448
1.4741950565E9	1.9021945655448904	114.98274777174093
1.4745184665E9	0.008981160709287788	0.19399753591672056
1.474825521E9	62.08455735317744	708.0011448945422
1.4751180275E9	2.1614273112088243	11.20829642062654
1.47540839E9	2.2520337613049377	43.03308944394738
1.475695139E9	1.002594315644074	9.110958066959789
1.4759802585E9	0.019217543859649123	0.33826699721301334
1.4762637585E9	0.24724822695035462	1.7816469789065421
1.4764724435E9	44.79257590308045	82.7963728601345
1.476613217E9	39.22483017164123	60.730710123658156
1.476820649E9	1.88024727657088	10.975539507502534
1.4770869925E9	0.16873863636363637	1.8560445886754755
1.47734567E9	0.617134060902686	4.895249761709799
1.4775968475E9	0.010859437751004015	0.2719703503802276
1.4778442205E9	0.006632864827911747	0.16290978422457753
1.4780885935E9	0.12246502057613169	1.1190420653545252
1.478322013E9	0.01965698560125805	0.4438755914429081
1.478542147E9	0.11351528676840904	1.3248410414366747
1.4787578105E9	43.06551945574179	46.45870909860602
1.4789716245E9	0.01008790485592065	0.20012688120262606
1.4791834895E9	0.2176777251184834	1.4509663392151952
1.479393952E9	0.21914016910801476	1.5798601457935326
1.479601761E9	0.03871789511553626	0.5012951581407382
1.479807114E9	4.3361738036124535	27.727849886511585
1.480011556E9	1.8289751852887366	10.539361814454864
1.480210152E9	0.2649013816398632	1.348162382171224
1.480309867E9	0.2666557538058602	2.008942196219001
1.480410536E9	0.0061107724774495595	0.1533157825187429
1.480604181E9	43.58994277859638	282.99391342783633
1.4807960345E9	0.35735679325422914	1.8514105168978263
1.4809875655E9	1.2288889121076607	9.440275912013313
1.4811785945E9	0.9264222993883824	7.284894703022748
1.4813689155E9	0.011494736842105262	0.2526699532258592
1.4815581185E9	2.421318853964311	16.776532569385243
1.481744339E9	0.0045697829217268456	0.08994916499630791
1.4819283565E9	0.041130434782608694	0.5220881984459348
1.482110815E9	39.46126124134272	85.70685555727843
1.4822910125E9	0.01847580204816189	0.5682162047441109
1.4824702515E9	0.40116759776536315	1.6979317027015859
1.4826492515E9	0.29020111731843573	1.8720556024784494
1.482826747E9	1.51562295799217	7.61306988816918
1.4830019085E9	39.568386756304065	38.08148950380783
1.4831760745E9	0.5587356321839081	2.816611235256778
1.4833498215E9	0.005060693741570314	0.2103142343969834
1.4835230685E9	0.18972832369942197	1.3207219080417736
1.483695018E9	0.24073868191153838	1.4042316133844257
1.48386552E9	0.25371388260192235	1.865182083933246
1.4840120345E9	5.995753473691061	33.40967554806739
1.4840960915E9	2.1166851073246296	7.929679599071179
1.484200552E9	1.458886832670661	11.482334798943578
1.4843639175E9	0.5467361963190184	3.418118450599875
1.484525558E9	0.8047616373743612	14.03685653713426
1.4846856985E9	1.27135625	21.421901030254062
1.484845447E9	0.03288463105889139	0.6892020964649773
1.4850036955E9	0.3571019108280255	1.9926537054412934
1.4851601785E9	0.7428093302386417	2.175747663784708
1.4853153435E9	0.20042237827472728	1.295049305624439
1.4854690065E9	1.3628417515461357	3.065909105436783
1.4856214875E9	0.40801973684210524	3.7784020919458867
1.48577251E9	0.5507414442333967	4.277788777349763
1.485921701E9	38.86089782050331	43.380516090378094
1.486069029E9	0.3625639869053233	2.0942532245305467
1.4862152755E9	5.197394885547362	21.75168398117263
1.486358319E9	20.91927840872542	108.60832584022928
1.4864977755E9	0.8312446043165468	3.4633331140669688
1.4866360005E9	0.06841033102946525	0.9359751452551864
1.4867727255E9	1.5121985294117648	13.427052641851779
1.48690823E9	37.409239384041065	37.60730713217474
1.4870422705E9	0.3788851148250571	2.254140979852818
1.487175276E9	40.708046547664715	39.06615432511468
1.4873076115E9	0.7626620714784562	5.459133974028682
1.487438976E9	2.698641953632526	13.17235206890956
1.487569754E9	9.439686272106863	99.8289561564643
1.487699834E9	0.2746275105901961	1.3547873635923013
1.4878024075E9	0.10686204431736955	0.7060201921250149
1.4878669075E9	0.08846858981554234	0.5130649854313183
1.4879581345E9	0.01510077519379845	0.26032180442764513
1.4880870475E9	70.26417027618649	722.7803011556737
1.488215313E9	21.08434282134607	35.33653915664804
1.488342982E9	2.340664248274349	9.426298328082913
1.488469797E9	0.008619252839353319	0.27179914421540274
1.488595719E9	0.4162912107559179	1.696793201842027
1.488720578E9	6.135415068902326E-4	0.035029744700475124
1.4888435135E9	1.0068852459016393	2.713108736559123
1.4889645135E9	0.17295	1.5820398225076384
1.4890836905E9	36.70577251296957	55.010047903357524
1.4892017335E9	1.0614276492372507	2.418067602286813
1.4893190995E9	1.3522991452991453	9.965764902177359
1.489435056E9	1.5319241513144728	5.127293679924075
1.4895490925E9	0.011284906327324143	0.260363152861488
1.4896621725E9	3.705	24.629391931240505
1.4897746275E9	1.1670002680725584	9.397883889825847
1.4898865215E9	36.1549813189367	37.874680804456105
1.489998264E9	0.008485130860967503	0.2603162821235841
1.4901095675E9	0.34415315315315315	1.5798734126505198
1.4902193155E9	5.796268986875092	26.502372296727938
1.490327346E9	0.1290010691209966	0.9766577990617707
1.4904336285E9	5.503161904761905	84.37116439253627
1.490538307E9	39.53611161685369	37.673093143123985
1.4906421835E9	0.00517428140353592	0.15799455984084176
1.490744471E9	2.4006266122416706	9.425708958236624
1.4908455605E9	0.09377227722772277	0.7516253016359986
1.4909457125E9	38.59250382663337	38.261456135624314
1.4910448645E9	1.2958383838383838	3.906164514216114
1.4911434675E9	36.325998411502354	38.49204749957488
1.491241309E9	35.05657744903926	42.14857889895911
1.4913381475E9	0.412983367983368	2.867920643073796
1.4914340935E9	31.146219119675624	36.687946144480435
1.491529762E9	34.96307177583773	37.75306684423293
1.4915922245E9	0.013353825136612022	0.21111530529818898
1.4916397245E9	0.02143944004869142	0.39751587128632776
1.491719761E9	32.89444956705139	37.70585186024436
1.491814071E9	39.963253312399885	38.958426334551824
1.4919081355E9	32.37681916004347	37.41445549577293
1.492001913E9	2.8366686945662964	16.628834887077485
1.492094934E9	2.167430075041419	12.78434403916242
1.492186973E9	38.31034896270536	37.603809589663676
1.492278363E9	1.864833994135155	6.608261458542144
1.492369289E9	0.10545038050241737	0.8885605003475807
1.4924600215E9	0.0013897467572575664	0.09131528099691419
1.4925506495E9	1.6786360826563052	4.623341540602392
1.492640991E9	8.725188975591346	12.660074490199117
1.492730352E9	35.91587593505658	39.03992507124515
1.4928189615E9	0.007066419831128369	0.35524948195337214
1.4929074865E9	0.29712192805950577	2.2646606863361223
1.4929958815E9	1.2221605832805	2.594644495138849
1.493083867E9	0.3281950640667252	1.8430510489320608
1.49317108E9	0.8871783644262126	5.175188172778893
1.4932578505E9	1.841282648286037	7.904911178384308
1.4933445515E9	1.9900281612113937	4.971793854381423
1.4934308735E9	0.10804651162790697	1.1972740355821092
1.4935165205E9	0.5495814476985486	2.5017076260553535
1.493601754E9	37.65810761626337	59.79043107121555
1.4936868405E9	0.32090588235294115	1.6727539814189476
1.4937708405E9	0.010759036144578312	0.27839903752776435
1.4938528405E9	0.021641975308641974	0.3078599970405018
1.4939334965E9	36.50113308098416	37.77755619237057
1.494013536E9	0.2518083919415297	15.71828155340668
1.4940931735E9	1.416083916083916	3.0478978889523356
1.494172662E9	2.9677861807748935	37.987427808514866
1.4942520195E9	37.52557857809858	93.5159308560715
1.494330266E9	10.48438127047005	205.86346976861202
1.4944070245E9	33.72417726497968	37.763583505149334
1.4944831845E9	0.8948586456278764	2.6050045397661976
1.494558901E9	1.6782431052093973	4.508529429415771
1.4946342225E9	8.727850119585437	14.695801074683914
1.4947092295E9	0.02659389464108944	0.22367558557952477
1.4947838015E9	8.011049872294663	72.71467181925502
1.4948579965E9	0.27825675675675676	1.3011273697960675
1.494931878E9	1.4072502474140152	4.254459983917476
1.4950050725E9	0.26913226668135376	3.11171749668853
1.4950776565E9	0.017617380276253758	0.3249523052954481
1.495150197E9	39.0270199478901	37.70372719694377
1.495222726E9	132.9974903128835	538.6528080171595
1.495294851E9	0.7705176283615174	3.7487391754764756
1.4953521325E9	71.80007937990288	685.4540827722104
1.495387989E9	13.160901630829958	98.10493604910786
1.495438073E9	39.30277610223463	37.857771168951295
1.495508772E9	37.065168090599194	37.88038626920771
1.49557855E9	1.0663114695082438	2.5580424647276656
1.4956478625E9	1.240748771321191	2.937941037979214
1.49571656E9	30.947372278824304	36.794366484145115
1.4957846955E9	36.76431174327025	38.26710309935658
1.495851637E9	0.03589712428031051	0.31372704469769414
1.4959172985E9	2.756992793453035	10.372245948415083
1.4959827275E9	34.410819742357944	38.82666498705907
1.4960479565E9	37.32602617672361	37.58699098571808
1.496112885E9	3.9523478636833898	33.1133286470399
1.4961773285E9	1.720940024327106	9.434385280031563
1.496241306E9	6.580081154334236E-4	0.03627693800290823
1.496304546E9	26.76466457039792	36.50147831618674
1.496367105E9	1.1910128547873278	2.832866617115383
1.4964293385E9	0.5905806451612903	3.064471222081836
1.4964912555E9	12.162774525342044	42.3707956707856
1.4965529165E9	1.5281193078324227	4.798399624243716
1.4966140635E9	0.28388645857316713	1.5848010129247703
1.496674755E9	6.145368704293709	14.64228929118708
1.4967349575E9	41.0717724142542	37.61516114099874
1.4967945915E9	33.9717866756393	38.65299606731426
1.4968538115E9	0.32959322033898303	1.932724431680202
1.4969127855E9	0.025378299518219447	0.6251823375199503
1.496971478E9	8.86164587504492	42.98143555519609
1.4970296965E9	4.122293103448276	16.614261115493314
1.497087545E9	1.1553286999324055	2.342710457047728
1.4971451485E9	0.30947661276299776	1.3066447359576787
1.49720257E9	28.33760661399194	36.07925140643487
1.4972598805E9	1.8622399106270073	6.468504846595225
1.4973171385E9	295.46555881736214	307.4605815812051
1.4973743525E9	6.457482517482518	36.903213516334425
1.497431505E9	1.0060940372997111	3.8859157834708666
1.4974886085E9	1.3444012468915274	3.1681424440009036
1.4975456595E9	3.6395614035087718	12.08482229180725
1.4976022535E9	0.0056239766498184665	0.1401724776318152
1.4976583475E9	0.09614285714285714	0.5643738629161145
1.4977143475E9	0.8688035714285715	3.5366575220922125
1.497770018E9	37.50018973274787	63.51233004427784
1.497825316E9	6.311265948782916	26.991742068581676
1.4978804435E9	0.13394545454545453	0.9324454651369942
1.497935247E9	1.9918691742816854	6.575401419065938
1.49798974E9	1.5999926442192758	6.767991980020565
1.4980439295E9	0.2052037037037037	1.260401170703642
1.4980979295E9	0.0057777777777777775	0.1414213562373095
1.4981517595E9	13.788930301900857	88.19496580891976
1.498205399E9	39.52662302542009	38.45832770470889
1.4982589545E9	5.606427129290362	27.616206212736508
1.4983124455E9	2.4739390540287904	9.86061297110947
1.4983657885E9	0.012369351079028498	0.27789179803909253
1.4984188865E9	1.9715471698113207	12.12476726094466
1.498471451E9	1.887816762262848	4.279552054680075
1.4985234915E9	0.6504850631352017	8.708227757383746
1.49857505E9	1.6695006351998436	3.354928580946287
1.4986261245E9	0.43293974580260475	2.2013210518088155
1.498677085E9	1.4648291026169582	3.1523537799876222
1.4987275325E9	1.3607430241402778	3.4077873954434623
1.4987774515E9	0.0	0.0
1.498827088E9	24.366064017168426	35.03954024065609
1.498876377E9	39.469838365355294	38.078905040028054
1.49892555E9	35.59992677122109	37.785035873281366
1.4989744305E9	41.86687242798354	38.30886094835624
1.4990227755E9	0.04630900395092535	0.8424311035778042
1.4990707755E9	1.0987476518472135	2.1327475192336594
1.4991174815E9	1.8727308689727924	11.169893274223757
1.499141392E9	5.0357912893488574	8.719232235725164
1.4991663625E9	123.2495065305951	143.61350052510016
1.499213845E9	1.0275859155524576	2.073665016831788
1.499261117E9	39.603398233088285	37.93469716665836
1.499308272E9	1.2845528455284554	4.456868615237465
1.4993552865E9	1.1278985507246377	2.654103772871297
1.4994021775E9	0.3615936152959754	1.8322599133999058
1.499448952E9	1.290487716066571	2.5404896893546716
1.499495555E9	1.316150390163159	2.9284443375077656
1.499541927E9	40.78660897782585	38.62302280702221
1.4995880455E9	1.6087542380248632	5.480936352962395
1.4996338655E9	0.2181774349083896	0.9703119169088773
1.4996794305E9	0.9662871961672015	3.9962594043489186
1.49972467E9	48.005869666718546	88.2625690722205
1.4997694385E9	39.40083034111311	44.541742318830856
1.499813914E9	1.1377982023383117	2.612588334470436
1.4998582335E9	36.34532634243356	39.616374778690655
1.499902437E9	1.7170452229443602	6.184871262398239
1.4999465125E9	1.6153846153846154	5.45614156842485
1.4999904425E9	300.715213823288	336.5101009337684
1.5000342475E9	18.654794019477848	32.582165070513376
1.500077897E9	34.620038110981014	37.55612065905753
1.5001214295E9	298.9535487726395	320.8785723902082
1.5001648935E9	1.4103638876093967	4.651010400222256
1.500208052E9	0.007762780614028953	0.14347191375526883
1.50025082E9	34.48739416965689	37.502978766438254
1.5002933985E9	1.2234583000141117	4.950101453317624
1.5003356255E9	38.11875238458604	52.671307601107934
1.5003772345E9	0.814132067244804	1.9257447405045989
1.5004183575E9	8.32365003417635	15.202591464214573
1.5004590585E9	46.23826598743756	37.51468281720786
1.500499455E9	2.2149919464750343	20.064036993419332
1.5005397815E9	2.100823862226413	9.475193626400442
1.5005798835E9	38.92928381696988	38.52093849259807
1.5006197495E9	2.426706171847537	6.921518784699513
1.5006594765E9	61.25582921166852	127.6249384394704
1.5006990945E9	1.942814582912543	12.846387263510941
1.500738606E9	40.534035265761766	38.122801436202955
1.500778009E9	37.802949912416544	99.12327924270448
1.500817273E9	1.2863275161611774	4.710463475852956
1.5008564005E9	0.9435298328135385	2.0670109779941717
1.5008953925E9	1.6636648999125199	3.6276375269113768
1.5009342335E9	39.38762366034625	37.52553575469422
1.5009729975E9	38.7552955156024	39.569303427196914
1.50101161E9	0.0030119699841611924	0.07761404491664112
1.501050102E9	0.9280756933794286	2.1193619424297063
1.5010885475E9	0.001978136387298282	0.08895249040467124
1.5011268985E9	1.191029726764537	5.183743119373556
1.501165097E9	2.0889151252787617	10.693016450624588
1.501203126E9	0.846111272171415	2.74680225846867
1.501241044E9	1.0939751405272742	2.916012213051337
1.501278825E9	1.1144176909394994	3.9691629043472942
1.5013164085E9	43.35943250306683	37.614728227316924
1.5013538565E9	1.3821594737686507	3.2032341670303186
1.5013910975E9	38.13677057491101	37.89128902892512
1.501428063E9	1.0293375308708985	1.9940544513473013
1.501464846E9	0.0022876439990195813	0.06764087520160544
1.501501344E9	42.74510020122943	38.3400886855912
1.5015375365E9	1.4335881245153428	4.847911227548359
1.50157363E9	287.47795116272624	2659.565424595985
1.5016096085E9	30.308796476949663	36.14641550122441
1.5016454845E9	0.29782014829681663	1.5577114139642176
1.501681049E9	0.8488441355836052	4.998748957090071
1.501716299E9	0.004369414101290963	0.11424314713011799
1.501751501E9	41.91453113000939	37.64633875401373
1.5017866105E9	36.5875926982316	38.608098663014665
1.5018214115E9	34.69110068901627	38.89242388625046
1.501855949E9	22.859467755480264	32.959880455342955
1.501890481E9	42.63844082129101	36.870035206179956
1.5019249615E9	1.2331977926227127	3.761534685348427
1.501959368E9	0.9385452112962801	2.025654902155136
1.5019936215E9	41.09181221427734	37.1140084725085
1.5020276835E9	2.137029411764706	6.890417472198362
1.502061664E9	2.287329583934513	6.184969685003867
1.502095591E9	0.36736199215177173	1.0325736591684835
1.5021294255E9	1.292189720511606	3.2891683769658573
1.5021631415E9	0.001129070596624673	0.047519903127524854
1.502196793E9	1.6333105477457128	4.519770947753473
1.502230415E9	42.16251451022413	36.59955339872225
1.502263933E9	1.7084242949848978	5.169141854581326
1.502297268E9	1.88625078992507	7.104152996570524
1.5023304645E9	41.22296604547373	38.462239370935954
1.50236357E9	0.9958546400798813	2.2141745443452305
1.502396564E9	0.0	0.0
1.502429487E9	0.9920989455131127	3.371530320435164
1.5024623515E9	1.2869721528243252	4.839030350599163
1.502495075E9	1.5287662835249043	7.594321330777082
1.502527657E9	0.0	0.0
1.502560186E9	1.1846305236938406	3.1303026292801066
1.5025926685E9	0.0036984528139061825	0.08600526511680762
1.5026250945E9	1.351663272233537	2.934755144020357
1.5026573625E9	0.008278867102396514	0.22287485864129916
1.502689409E9	35.105684697931984	37.61513543496747
1.5027213285E9	1.3081942527293262	2.9232292363114634
1.502753191E9	0.016672422996012435	0.27479551481621234
1.502785012E9	39.329317774352845	37.256197479361816
1.502816803E9	1.351159206014659	3.297448054627796
1.5028485815E9	2.1272979098463862	7.842187549743297
1.502880251E9	33.764625764150644	39.02026731435973
1.5029014765E9	37.57784926470588	38.178311328322955
1.502917251E9	35.001838502104604	38.4955849227126
1.5029432885E9	0.032541552569572696	0.24930649527618454
1.5029746615E9	35.444830887045306	38.65407388887702
1.503005942E9	2.0002242080650845	3.359925636835515
1.5030371605E9	34.92923500768836	38.9698081955052
1.503068136E9	2.8482186432406054	9.993358783812752
1.5030988115E9	46.40955709432976	38.057319706259634
1.5031294005E9	0.0	0.0
1.503159934E9	6.757875758072447	26.386206555896294
1.5031903865E9	0.656546052631579	1.4656595425735277
1.5032207375E9	1.2297868127516336	3.616796339488289
1.503250987E9	1.6851342848627346	3.8410654105893594
1.503281073E9	7.097781484570476	22.735006057114088
1.5033110395E9	0.23319313705854863	1.220171167534559
1.5033408965E9	1.0904019357440515	2.2067945524066785
1.5033706265E9	40.773094532722865	38.00164780188482
1.5034002165E9	1.0428823449586104	2.620394557063086
1.5034296905E9	9.499423181324648	56.00202276719451
1.5034591055E9	1.4123918523060155	2.2531627293421996
1.503488396E9	50.58638743455497	431.8947997972584
1.503517477E9	38.66598707626387	38.6392852866431
1.503546407E9	0.23104318661180456	1.1536320228572374
1.503575265E9	37.891092203507554	38.39731651574559
1.503603944E9	1.6123306375380737	3.830229476684654
1.503632476E9	1.2781656783972493	2.9640845112073495
1.503660941E9	40.348095254845404	37.6134493404001
1.5036892985E9	13.635049140917769	97.42782696880784
1.503717559E9	1.7620683548786966	4.603584193533595
1.5037457875E9	36.86786903833888	40.55292187687287
1.5037739785E9	51.87595880681818	134.18577215511203
1.5038021275E9	0.0	0.0
1.5038302115E9	37.935390652871924	40.46986916684725
1.5038582345E9	36.82042404340377	38.59094167747841
1.503886121E9	1.4175523291421983	3.0875937005498373
1.503913824E9	0.0	0.0
1.503941448E9	1.440305808181456	5.329251384875752
1.5039690085E9	300.92711285517044	310.9448349677802
1.503996491E9	0.335604707940094	1.4534524900892665
1.5040239295E9	2.143580957935409	7.1675802882256345
1.50405134E9	39.395589148135976	38.995900890570624
1.5040787125E9	0.00848015205789897	0.23694821164976274
1.5041060415E9	1.808058608058608	4.283625864784476
1.5041333075E9	32.523428319623974	36.536741242679916
1.5041605315E9	1.1759626690182245	2.421026293280848
1.5041877425E9	177.11034330662355	1480.7040158528205
1.5042149345E9	0.03491794834056958	0.25642096431975725
1.5042420895E9	2.390092879256966	14.916949061574789
1.504269151E9	306.4470008521359	304.5417122126596
1.50429607E9	37.37330055499683	37.85318526452616
1.5043228815E9	1.2917538093815357	2.4565844764857054
1.504349657E9	1.3509243697478992	2.4768960425504822
1.504376309E9	0.2854611934109842	1.554408588672079
1.5044027855E9	48.520246745382984	44.28781304714583
1.504429204E9	40.07197213493355	37.80161907744676
1.5044555725E9	1.5277693359671782	3.472497059814581
1.5044817345E9	0.6343461538461539	2.2842773642714835
1.5045077335E9	0.6275867374413416	1.323595101462232
1.504533726E9	0.004386808789009889	0.1622370263967487
1.504559515E9	41.49122738462741	39.12749724926159
1.504585062E9	32.11869191859781	36.00644692129034
1.5046104935E9	1.6055993690851735	4.212663049480015
1.504635845E9	42.962869431401174	40.141954539170555
1.504661185E9	37.716185815210956	39.09510608413845
1.5046865215E9	36.459543732238714	37.992909364550506
1.504711854E9	3.6412017845157725	9.68517208584062
1.504737139E9	0.17939067390356958	1.0899848777823589
1.5047623165E9	15.686230787608505	152.21501975884232
1.504787421E9	0.0	0.0
1.5048124905E9	2.0835329819517647	4.9201700976825355
1.5048375215E9	41.338196498521064	38.486325077916156
1.5048624465E9	39.985422036082475	38.903805480484834
1.504887267E9	42.8641621992019	40.04719141723577
1.504912041E9	34.46529770807228	38.25993819611903
1.5049367755E9	0.13170238576627577	0.8213930943505829
1.504961432E9	317.61562868649065	306.1794347696816
1.504986013E9	42.92778388054843	39.060750884392235
1.5050105905E9	0.22098795572916666	1.148995400202934
1.505035124E9	0.0	0.0
1.505059598E9	0.34959316351146913	3.3764261440395313
1.5050840155E9	1.0920091886126835	2.1441030253341817
1.5051083285E9	38.058479049818544	38.45305681421151
1.505132541E9	43.753443355254994	39.78441978848346
1.5051567165E9	5.241912798874824	11.15057668035422
1.5051808025E9	45.16893074422869	38.49046636939392
1.505204769E9	41.366952162105704	39.404083076610455
1.5052287025E9	44.34284639812803	71.81562821530248
1.505252602E9	0.8080613399254201	4.717617853687682
1.5052764175E9	1.6390338326880995	7.073355630256081
1.505300174E9	37.50945302960125	38.306172850299035
1.505323782E9	45.810585076916524	40.06423816553084
1.505347225E9	38.43900251932192	39.12327057115256
1.5053706425E9	1.113042364195422	2.3046220695590116
1.505394034E9	0.4694654855137587	1.8038227999523029
1.5054172675E9	5.58038961038961	13.347405993422345
1.505440338E9	311.157501844538	306.5961796811538
1.505463334E9	49.54145788854516	47.72490127709447
1.505486272E9	45.09208287895311	39.50936169999602
1.505509163E9	0.056919105744410906	0.5726327788616989
1.505531991E9	47.30426773104084	37.85332314902184
1.5055546875E9	0.2030185004868549	0.8998736055552677
1.5055772675E9	1.5232650890720554	3.8273124359191364
1.505599805E9	247.392420809454	546.6825070521422
1.5056222585E9	1.1285829091883204	4.201643532684304
1.5056445755E9	47.92552617377226	40.498748534339114
1.505666752E9	41.189040104896684	40.433871343241194
1.505688842E9	0.0	0.0
1.5057108895E9	0.23543028322440088	1.135915934782696
1.5057327895E9	33.71945056964351	37.577235175763164
1.505754487E9	0.0017570629305960143	0.059280062931748215
1.5057760305E9	0.0	0.0
1.5057973695E9	40.905599019700254	41.25328345929643
1.5058184785E9	0.003619047619047619	0.08507699593953255
1.505839342E9	1.7910937424615236	4.650998240028168
1.5058599945E9	46.28122266498202	40.56783871913709
1.505880554E9	48.61146000681563	39.15689842318908
1.505901062E9	1.3491575091575092	4.907456139704742
1.5059214515E9	121.66139676910953	1639.9377597911964
1.505941733E9	1.433634434078681	4.38206320253963
1.505961904E9	42.450829059403475	39.37948593826533
1.505981936E9	1.991742155047295	6.783746623905147
1.506001832E9	48.11064560092878	37.85871988384247
1.5060216395E9	32.62992324782872	39.27899150823837
1.506041367E9	35.93939239733347	40.20518844318192
1.506061005E9	48.37808917197452	37.47819612405826
1.5060805605E9	36.549214820897056	38.82692062164418
1.506100015E9	1.4339185501724758	3.70012613696335
1.506119436E9	1.4330810031412533	2.889880346041937
1.506138834E9	0.5907519223822058	3.618659959424981
1.506158163E9	75.49053472330273	217.30936005838544
1.5061774085E9	0.5959396147839667	1.724792422760995
1.5061965695E9	0.9386772708246128	2.7142111626115004
1.5062156255E9	0.18278947368421053	1.491608104309609
1.506234385E9	0.0	0.0
1.5062526505E9	43.7567732622696	208.98198571431445
1.506270461E9	0.0	0.0
1.5062880045E9	1.716729602929397	4.314411141126796
1.506305279E9	0.2613789467518013	0.989192373777834
1.506322231E9	2.0121190518624132	4.332638671363124
1.506338785E9	1.5500460829493088	3.664216469433736
1.5063546955E9	282.8455551267207	299.19723935141434
1.5063702115E9	316.68274570579877	314.11440529707687
1.5063855075E9	285.60499139414804	297.6024299999093
1.5064005505E9	54.93437917222964	173.13847668695513
1.5064154905E9	288.7210067114094	304.85913734733464
1.5064303855E9	302.4995970449966	305.5229111337963
1.5064452295E9	285.70752804433033	300.51656882147887
1.5064599895E9	289.8801793234615	302.60635782787773
1.5064746485E9	292.2911756645656	304.7579429797734
1.506489184E9	1.3020379965457685	2.519396259613276
1.5065036555E9	290.4064141553774	301.5871436671743
1.5065180825E9	295.64826915056307	303.98711393514833
1.5065324375E9	298.8733593968165	306.17230824706525
1.5065467295E9	296.84410939691446	306.96604960499815
1.506560963E9	96.4918702048286	196.97104989229038
1.5065751655E9	0.3449077334835892	1.2660297724390492
1.5065891015E9	0.16695919262834577	0.7863375556967858
1.50660254E9	0.5773687798227676	2.7403891396153948
1.5066156845E9	12.37903102552346	18.69173457612108
1.506628763E9	16.473643944610206	24.022384876106635
1.5066413735E9	313.0854320987654	315.053648837925
1.5066524985E9	249.1060396039604	281.70547571800046
1.5066619875E9	3.7874521288578507	18.87285388201062
1.5066699435E9	0.2560420813193062	1.0940296009248305
