#Position (bp)	insert size	chromosomes
842194.5	46.69136733743039	0.0
2725536.5	41.781297379250596	217.56436420722136
4520500.0	48.46187502848549	0.0
6403842.0	48.614316770186335	0.0
9416710.5	43.58122284624351	217.56436420722136
1.31833945E7	44.136552823795625	0.0
1.6393447E7	52.73617956250455	0.0
1.8255894E7	44.25584572744662	217.56436420722136
1.88125255E7	56.505179768433884	0.0
2.0669924E7	43.87988623390938	0.0
2.2553266E7	41.56422018348624	217.56436420722136
2.29768995E7	53.99369861870384	0.0
2.48251945E7	46.073508697593994	0.0
2.63317415E7	47.03154084798346	217.56436420722136
2.82501305E7	45.77290331527284	0.0
3.20168145E7	48.30471500855381	0.0
3.57834985E7	46.91485182261768	217.56436420722136
3.89217675E7	44.04135045264347	0.0
4.07121995E7	43.07177330895795	0.0
4.13406145E7	38.92338709677419	217.56436420722136
4.33168665E7	47.3709351687755	0.0
4.52151615E7	56.435215946843854	0.0
4.70985035E7	48.15769083700618	217.56436420722136
4.987304E7	52.09144153070436	0.0
5.1756382E7	42.55150809269448	0.0
5.46169185E7	51.91877625957702	217.56436420722136
5.83836025E7	44.603147775349605	0.0
6.14113315E7	43.51675962228726	0.0
6.32946735E7	48.667471609450466	217.56436420722136
6.45308265E7	46.8016485673165	0.0
6.64141685E7	50.71149377807611	0.0
6.83876605E7	51.779465713479446	217.56436420722136
7.02710025E7	61.70670627690808	0.0
7.18346735E7	38.4416	0.0
7.37180155E7	46.87579022348856	217.56436420722136
7.72170225E7	48.59110295803715	0.0
7.9187025E7	55.18307278944797	0.0
8.00616935E7	59.79458390986361	217.56436420722136
8.1858375E7	44.33590449607725	0.0
8.4359141E7	42.53142480275532	0.0
8.6242483E7	45.93390246396074	217.56436420722136
8.85170745E7	49.74186623070981	0.0
9.22837585E7	48.848107211672115	0.0
9.60504425E7	45.94177560907723	217.56436420722136
9.98171265E7	46.327577870757786	0.0
1.035838105E8	46.32516766394924	0.0
1.07116429E8	56.93290266026374	217.56436420722136
1.08999771E8	42.880110833277016	0.0
1.111171785E8	50.36726567912928	0.0
1.148838625E8	48.19791333471316	217.56436420722136
1.186505465E8	45.49406022164542	0.0
1.224172305E8	62.96780714572339	0.0
1.261839145E8	54.6178769467952	217.56436420722136
1.29561981E8	55.496987666782324	0.0
1.313743185E8	67.94052520816177	0.0
1.31762936E8	56.06852035749752	217.56436420722136
1.33429936E8	48.79025019572385	0.0
1.35313278E8	52.80395299145299	0.0
1.374839665E8	54.63565500688451	217.56436420722136
1.40900476E8	55.29725431357839	0.0
1.42783818E8	38.70549934420086	0.0
1.450173345E8	49.678722013839774	217.56436420722136
1.487840185E8	56.55800516835731	0.0
1.525507025E8	46.989645198281615	0.0
1.563173865E8	50.24204324586977	217.56436420722136
1.600840705E8	48.674760827029026	0.0
1.638507545E8	50.18291051236981	0.0
1.676174385E8	48.1757250309076	217.56436420722136
1.70006712E8	55.34597899859137	0.0
1.71890054E8	54.58669338204962	0.0
1.751508065E8	52.68945943438399	217.56436420722136
1.77177396E8	38.06480743691899	0.0
1.79060738E8	40.94088992013537	0.0
1.826841745E8	48.98130888079387	217.56436420722136
1.864508585E8	47.53341265119968	0.0
1.886392405E8	47.17955257983952	0.0
1.905225825E8	43.853060167653815	217.56436420722136
1.939842265E8	51.07644469571538	0.0
1.977509105E8	52.153712325015704	0.0
2.015175945E8	49.27366636788811	217.56436420722136
2.052842785E8	48.01830827865786	0.0
2.08575645E8	50.325944491991685	0.0
2.10458987E8	46.004551863041286	217.56436420722136
2.128176465E8	46.56991837836715	0.0
2.14985376E8	42.46421576013259	0.0
2.16868718E8	47.167970339557804	217.56436420722136
2.203510145E8	45.0543204264639	0.0
2.232045515E8	43.29168901869623	0.0
2.250878935E8	40.63651992060116	217.56436420722136
2.278843825E8	46.76394740331943	0.0
2.316510665E8	43.69844080883042	0.0
2.354177505E8	53.33631424139422	217.56436420722136
2.391844345E8	44.63815523945464	0.0
2.429511185E8	45.74374933219361	0.0
2.467178025E8	40.02949783317696	217.56436420722136
2.49194335E8	44.83498780613472	0.0
2.51077677E8	27.962843784899018	0.0
2.542511705E8	42.97391782944156	217.56436420722136
2.580178545E8	38.035559088500264	0.0
2.61538386E8	56.04949208451514	0.0
2.63421728E8	40.909305727467085	217.56436420722136
2.65043728E8	47.634891002366636	0.0
2.6692707E8	59.52028152197819	0.0
2.693179065E8	48.59574032798182	217.56436420722136
2.717321685E8	45.63070499126044	0.0
2.736155105E8	38.30515031662668	0.0
2.756930105E8	43.19827039221676	217.56436420722136
2.772252095E8	38.69526821409392	0.0
2.783834735E8	25.411560943927256	0.0
2.789568265E8	24.635568513119534	217.56436420722136
2.808401685E8	79.18186375885192	0.0
2.841337855E8	37.30325724298505	0.0
2.860171275E8	54.164754513244475	217.56436420722136
2.881513265E8	46.33192767954557	0.0
2.919180105E8	46.99625624684393	0.0
2.956113115E8	44.26424951725625	217.56436420722136
2.974946535E8	43.66991255961844	0.0
2.994513785E8	83.70712459275988	0.0
3.018711055E8	28.524124367075366	217.56436420722136
3.037544475E8	43.128005315935724	0.0
3.069847465E8	49.472630964672085	0.0
3.107514305E8	46.37580603343732	217.56436420722136
3.143364865E8	51.08033256718027	0.0
3.162198285E8	62.13535677255161	0.0
3.182847985E8	45.37565578263253	217.56436420722136
3.21294614E8	50.62041038304377	0.0
3.23177956E8	38.08179260450161	0.0
3.25388527E8	48.29101361911141	217.56436420722136
3.27271869E8	55.91535779750566	0.0
3.295848505E8	42.169466876230736	0.0
3.333515345E8	47.384865257236186	217.56436420722136
3.371182185E8	50.38053740014524	0.0
3.408849025E8	49.55041487553734	0.0
3.446515865E8	50.75886832006514	217.56436420722136
3.484182705E8	49.99240479350532	0.0
3.521849545E8	50.00160319902702	0.0
3.559516385E8	44.32568538050604	217.56436420722136
3.597183225E8	43.400745447171744	0.0
3.634850065E8	30.819690188867266	0.0
3.672516905E8	41.16776733301602	217.56436420722136
3.710183745E8	46.16041079235326	0.0
3.747850585E8	51.996392225949734	0.0
3.77416187E8	48.98590612295183	217.56436420722136
3.79299529E8	49.509523957010565	0.0
3.809707145E8	43.120974139298745	0.0
3.823972095E8	35.038009003478614	217.56436420722136
3.837449215E8	53.102989679753165	0.0
3.860851105E8	44.73830892581222	0.0
3.88047942E8	22.972758229284903	217.56436420722136
3.89931284E8	45.62562470655746	0.0
3.936184785E8	51.00282212617921	0.0
3.973851625E8	44.14036260818065	217.56436420722136
4.011518465E8	46.490341821942344	0.0
4.049185305E8	46.44534194419008	0.0
4.086852145E8	45.47935344787705	217.56436420722136
4.124518985E8	49.54007403773248	0.0
4.162185825E8	22.50248174028444	0.0
4.199852665E8	39.55471711115705	217.56436420722136
4.237519505E8	43.173485518565215	0.0
4.275186345E8	46.018908166648245	0.0
4.312853185E8	40.26201140757708	217.56436420722136
4.350520025E8	41.511490947816824	0.0
4.388186865E8	51.86807607354924	0.0
4.425853705E8	48.48714882308276	217.56436420722136
4.446755915E8	48.27318818968088	0.0
4.465589335E8	56.561837636739085	0.0
4.501187385E8	50.272639390406866	217.56436420722136
4.538854225E8	42.38515674984005	0.0
4.576521065E8	47.79758064516129	0.0
4.60959575E8	42.90643744718578	217.56436420722136
4.62842917E8	78.30840973759089	0.0
4.635117425E8	63.0876728449544	0.0
4.653950845E8	51.899944188910915	217.56436420722136
4.68541234E8	44.32289596710277	0.0
4.70424576E8	48.50637631784909	0.0
4.727188425E8	52.53803790530745	217.56436420722136
4.74870115E8	36.97638584403382	0.0
4.767439775E8	40.22373559539052	0.0
4.78359389E8	22.21698113207547	217.56436420722136
4.802522105E8	47.70571361487969	0.0
4.83689518E8	49.481911699062614	0.0
4.8557286E8	48.43525128835516	217.56436420722136
4.862368535E8	46.322687427205295	0.0
4.881067875E8	47.28473102277616	0.0
4.896555125E8	45.98023360287511	217.56436420722136
4.911810125E8	42.55575324062307	0.0
4.930643545E8	44.69391012523533	0.0
4.935384685E8	62.25655355954757	217.56436420722136
4.954218105E8	45.33183116601871	0.0
4.990856305E8	50.92072305724058	0.0
5.028523145E8	51.94007441409015	217.56436420722136
5.066189985E8	53.09214828227957	0.0
5.103856825E8	40.77160075494247	0.0
5.130466785E8	53.21006037123806	217.56436420722136
5.149300205E8	49.29745959330097	0.0
5.163952645E8	81.62126648031166	0.0
5.182786065E8	49.721085882279354	217.56436420722136
5.20965284E8	78.54779402543329	0.0
5.22848626E8	45.84665286404417	0.0
5.254524185E8	47.87596201494726	217.56436420722136
5.292191025E8	41.088472797012216	0.0
5.329857865E8	40.81311650226606	0.0
5.35029338E8	38.12055664801089	217.56436420722136
5.3691268E8	46.95877970286117	0.0
5.405191545E8	48.7432139160629	0.0
5.44240468E8	48.39779961318288	217.56436420722136
5.4612381E8	59.67855695176328	0.0
5.480525225E8	40.802548437772735	0.0
5.518192065E8	49.35874317960984	217.56436420722136
5.555858905E8	46.3828011902847	0.0
5.58625207E8	42.60400639424518	0.0
5.60508549E8	42.367677638585995	217.56436420722136
5.631192585E8	49.43462218942539	0.0
5.668859425E8	46.4251942224612	0.0
5.69000233E8	42.56095481670929	217.56436420722136
5.70883575E8	46.137627173887736	0.0
5.73468742E8	38.08273351188483	0.0
5.752691035E8	54.03004754999494	217.56436420722136
5.76219672E8	54.07267633487146	0.0
5.781859945E8	41.65505122111948	0.0
5.819526785E8	39.881991224605265	217.56436420722136
5.857193625E8	41.38322336398053	0.0
5.894860465E8	51.82126610077911	0.0
5.932527305E8	63.17540394681232	217.56436420722136
5.970194145E8	42.43413779155993	0.0
5.98951926E8	72.58957038638206	0.0
6.001632245E8	42.39736885380694	217.56436420722136
6.01997397E8	32.37085927770859	0.0
6.02823052E8	36.85639370713998	0.0
6.0332906E8	61.40206767733808	217.56436420722136
6.050587905E8	46.897074942845514	0.0
6.068515305E8	52.686679052182136	0.0
6.087348725E8	59.8224663573929	217.56436420722136
6.120861505E8	44.98824759364072	0.0
6.150565535E8	40.01344692369088	0.0
6.169398955E8	51.64954100632199	217.56436420722136
6.194423305E8	34.444193999689105	0.0
6.213256725E8	75.82841043351813	0.0
6.2231967E8	40.916663144101115	217.56436420722136
6.24203012E8	77.41284005701183	0.0
6.271528865E8	42.56131850295971	0.0
6.306976955E8	49.22179666073233	217.56436420722136
6.325810375E8	40.82288510836635	0.0
6.346862545E8	46.94391992478258	0.0
6.371886395E8	45.78505781203676	217.56436420722136
6.390719815E8	44.77806833828958	0.0
6.422196225E8	45.511215732170086	0.0
6.459863065E8	45.00624647224836	217.56436420722136
6.479243085E8	25.331097079715864	0.0
6.498076505E8	43.943927265540076	0.0
6.528595015E8	47.98534679257571	217.56436420722136
6.547428435E8	39.9437941737407	0.0
6.56251923E8	40.76109775074268	0.0
6.58135265E8	45.29528085741085	217.56436420722136
6.59475168E8	38.729134063641105	0.0
6.599226355E8	38.78634262710601	0.0
6.604039105E8	47.99975092159011	217.56436420722136
6.61839785E8	54.70145179793504	0.0
6.648197265E8	49.465250851838796	0.0
6.681355135E8	53.60296135444382	217.56436420722136
6.700188555E8	43.33244054865676	0.0
6.715351135E8	44.55062288765164	0.0
6.728611785E8	35.9922598654993	217.56436420722136
6.736791595E8	55.25233986768696	0.0
6.745003555E8	51.99896523971947	0.0
6.75816132E8	40.73469059306349	217.56436420722136
6.77435555E8	49.57625474111317	0.0
6.798864625E8	47.95551654074527	0.0
6.818510355E8	42.15827837556404	217.56436420722136
6.837343775E8	37.48750953358756	0.0
6.874198305E8	47.1468660213674	0.0
6.90340413E8	47.62962698554346	217.56436420722136
6.92223755E8	52.96270131699967	0.0
6.934782645E8	28.425150717500212	0.0
6.947381725E8	44.73377180440377	217.56436420722136
6.962131065E8	51.84125675291442	0.0
6.987198825E8	52.03853399126463	0.0
7.024865665E8	57.0804877492184	217.56436420722136
7.046052905E8	39.30187408133268	0.0
7.04962553E8	38.66417039486481	0.0
7.06585573E8	44.85562649372216	217.56436420722136
7.081116525E8	35.605839416058394	0.0
7.100199345E8	39.979451977080615	0.0
7.13064809E8	50.54358942952506	217.56436420722136
7.14948151E8	49.180925140083936	0.0
7.16414329E8	48.497212777276616	0.0
7.18297671E8	40.52894039885008	217.56436420722136
7.213199865E8	52.37672079296905	0.0
7.250866705E8	46.380683552029296	0.0
7.27711855E8	30.336655592469548	217.56436420722136
7.29595197E8	57.81886323268206	0.0
7.326200385E8	46.30561488655044	0.0
7.35474039E8	38.36380577699555	217.56436420722136
7.37357381E8	46.87700837293505	0.0
7.401534065E8	42.962613811167	0.0
7.42275044E8	42.56530383994035	217.56436420722136
7.44158386E8	27.92916992238773	0.0
7.471764995E8	47.983080513418905	0.0
7.490598415E8	60.79058785214134	217.56436420722136
7.514534585E8	44.89720624238089	0.0
7.552201425E8	45.11240200721469	0.0
7.578793465E8	48.42357086694429	217.56436420722136
7.597626885E8	44.35033106887953	0.0
7.627535105E8	44.022114809188416	0.0
7.654055305E8	38.16809549202182	217.56436420722136
7.672888725E8	32.931616766467066	0.0
7.702868785E8	49.038046336402665	0.0
7.739557755E8	67.20664101681213	217.56436420722136
7.758391175E8	24.39206712433257	0.0
7.769674385E8	48.816682943643364	0.0
7.788507805E8	47.248861258155856	217.56436420722136
7.815869305E8	50.96587437311454	0.0
7.851199655E8	48.72947705851394	0.0
7.870033075E8	47.78598107569721	217.56436420722136
7.891202985E8	50.80603686635945	0.0
7.912526495E8	48.05325562700965	0.0
7.931359915E8	43.90339345418155	217.56436420722136
7.961114915E8	50.02743633105328	0.0
7.979948335E8	35.348600414691944	0.0
8.004203505E8	51.09390163356964	217.56436420722136
8.041870345E8	51.02265300877483	0.0
8.079537185E8	48.28365836891237	0.0
8.104424105E8	51.67604201965435	217.56436420722136
8.123257525E8	48.48666988520545	0.0
8.14765446E8	55.477270756870794	0.0
8.16648788E8	47.11293498055815	217.56436420722136
8.192537705E8	56.14426952141058	0.0
8.230204545E8	43.68962844061799	0.0
8.267871385E8	40.57997767245094	217.56436420722136
8.29050486E8	43.421309703911824	0.0
8.30933828E8	52.059626387261325	0.0
8.343205065E8	46.95744173242797	217.56436420722136
8.380871905E8	49.84276949595105	0.0
8.417711155E8	40.92183513949264	0.0
8.436544575E8	46.30344241393965	217.56436420722136
8.456205585E8	50.03345405278653	0.0
8.48102355E8	49.712649539125316	0.0
8.49985697E8	62.100768341606035	217.56436420722136
8.531539265E8	46.07388416837582	0.0
8.569206105E8	43.74059967792234	0.0
8.597303395E8	31.556465071922435	217.56436420722136
8.60838373E8	45.38920774828328	0.0
8.61795328E8	51.207247284427844	0.0
8.644539785E8	51.13923725328947	217.56436420722136
8.6714817E8	71.08467639247644	0.0
8.69031512E8	39.75961930076526	0.0
8.719873465E8	48.21880144549287	217.56436420722136
8.757540305E8	54.32728108921231	0.0
8.795207145E8	51.39024849075642	0.0
8.83064038E8	49.48586182259077	217.56436420722136
8.8494738E8	33.040450683413376	0.0
8.870540825E8	37.685053369195	0.0
8.908207665E8	41.67744763856324	217.56436420722136
8.94093564E8	45.42356906896784	0.0
8.956153455E8	52.44728945789158	0.0
8.96109232E8	54.081765087605454	217.56436420722136
8.97100687E8	43.46356179881211	0.0
8.98984029E8	42.796751646804445	0.0
9.021208185E8	42.2176726147191	217.56436420722136
9.058875025E8	40.043919843016	0.0
9.096541865E8	48.00997773855664	0.0
9.134208705E8	41.81661612515042	217.56436420722136
9.16819397E8	43.49051740011048	0.0
9.18702739E8	47.396362388469456	0.0
9.209542385E8	53.03171532418806	217.56436420722136
9.24115581E8	49.73792204227285	0.0
9.25998923E8	42.870901981753164	0.0
9.266727335E8	39.95717199184229	217.56436420722136
9.285560755E8	48.79837160997022	0.0
9.322542905E8	53.7740810495906	0.0
9.360209745E8	43.97853202559304	217.56436420722136
9.397876585E8	42.71729827017298	0.0
9.424939575E8	47.936708860759495	0.0
9.443772995E8	82.89332445064382	217.56436420722136
9.45823489E8	41.372372968892776	0.0
9.47706831E8	44.63163591754264	0.0
9.507062095E8	42.12109864174935	217.56436420722136
9.525895515E8	45.023412753064314	0.0
9.548543945E8	46.74438976814292	0.0
9.586210785E8	49.83446230309832	217.56436420722136
9.623877625E8	43.49618810992603	0.0
9.661544465E8	47.000810743210025	0.0
9.685246195E8	44.38182104724006	217.56436420722136
9.700480895E8	38.55295977516248	0.0
9.714446005E8	46.8125	0.0
9.718634975E8	27.57758620689655	217.56436420722136
9.737468395E8	49.82718194134872	0.0
9.774544985E8	47.9643089946334	0.0
9.812211825E8	60.348508211339826	217.56436420722136
9.83105542E8	126.33333333333333	0.0
9.834553125E8	35.7049423504821	0.0
9.85337637E8	34.29873167878943	217.56436420722136
9.876671945E8	51.198715120767616	0.0
9.890351805E8	45.60204591649728	0.0
9.901225365E8	28.34744942832014	217.56436420722136
9.925212345E8	38.84430766368471	0.0
9.957658785E8	43.87281571738925	0.0
9.973638575E8	33.779428571428575	217.56436420722136
9.978858975E8	34.04274919035624	0.0
9.983728775E8	42.20520658712159	0.0
9.990314945E8	54.906778961274874	217.56436420722136
1.0007132195E9	45.88357387415429	0.0
1.003790889E9	48.90604504364801	0.0
1.005674231E9	42.33192488262911	217.56436420722136
1.0075879705E9	38.346053657135826	0.0
1.01039704E9	40.68664527383542	0.0
1.012280382E9	64.77563440889044	217.56436420722136
1.0151213385E9	45.4111833550065	0.0
1.018238724E9	37.95806739169193	0.0
1.020122066E9	47.498436971949985	217.56436420722136
1.0226547065E9	46.62638520542563	0.0
1.0264213905E9	39.242461946829245	0.0
1.0301880745E9	44.93164074896858	217.56436420722136
1.0339547585E9	50.679339746602345	0.0
1.0370261005E9	45.32601275412511	0.0
1.0389094425E9	50.1176811886683	217.56436420722136
1.0414881265E9	39.85692665650867	0.0
1.0433834215E9	30.25897435897436	0.0
1.0452667635E9	53.38156471781007	217.56436420722136
1.0490214945E9	45.29612613739967	0.0
1.0527881785E9	42.76456776549951	0.0
1.0565548625E9	41.233804755130315	217.56436420722136
1.0603215465E9	39.419474098111706	0.0
1.064026092E9	54.851863934280374	0.0
1.065909434E9	50.94482090997096	217.56436420722136
1.066430379E9	45.589984284075946	0.0
1.068313721E9	44.593675863098696	0.0
1.0698941215E9	19.458823529411763	217.56436420722136
1.0712999975E9	26.314717822511096	0.0
1.0730274745E9	27.801899063475545	0.0
1.0753882825E9	52.29516233532503	217.56436420722136
1.0778226E9	28.08085518855847	0.0
1.079705942E9	52.01453809139204	0.0
1.0829216505E9	41.80982056361244	217.56436420722136
1.0853788625E9	24.318744200433034	0.0
1.0866432905E9	29.53721085496603	0.0
1.0879527625E9	42.55543485640573	217.56436420722136
1.0898651325E9	51.611731021380216	0.0
1.0915730595E9	43.62176852711123	0.0
1.0921629455E9	31.202590291671054	217.56436420722136
1.0942217025E9	45.23297241603702	0.0
1.0979883865E9	42.458533044397235	0.0
1.1003286295E9	23.17675570874623	217.56436420722136
1.1022119715E9	42.54543017615522	0.0
1.1055217545E9	40.07383272783192	0.0
1.108075334E9	36.3179835598054	217.56436420722136
1.109958676E9	56.73093164239426	0.0
1.1130551225E9	45.298939964832954	0.0
1.1168194585E9	37.30381244342029	217.56436420722136
1.1187028005E9	0.0	0.0
1.1198641195E9	41.96598043248851	0.0
1.1217474615E9	46.000983119125266	217.56436420722136
1.123412222E9	43.06288070825924	0.0
1.125295564E9	80.04736556587781	0.0
1.1281218585E9	46.50404744457131	217.56436420722136
1.1318885425E9	35.51280182727866	0.0
1.13411238E9	44.75695029486099	0.0
1.1355781975E9	47.85458255482348	217.56436420722136
1.137121044E9	38.12346791636626	0.0
1.13840769E9	37.59498687951017	0.0
1.140291032E9	39.81693648816937	217.56436420722136
1.1431885945E9	44.81913812154696	0.0
1.146229175E9	56.5904239927831	0.0
1.1475237E9	47.86352279825109	217.56436420722136
1.1482498035E9	49.70864701516276	0.0
1.1507219625E9	59.02095862821338	0.0
1.1531187805E9	43.513902805611224	217.56436420722136
1.154779049E9	39.106559992146664	0.0
1.156148915E9	37.01437401178669	0.0
1.1582553305E9	47.706596615147916	217.56436420722136
1.1620220145E9	35.72481279782165	0.0
1.165006056E9	40.76178266178266	0.0
1.166889398E9	32.568292569731284	217.56436420722136
1.1693783385E9	45.37169915749339	0.0
1.1712616805E9	54.35462153149185	0.0
1.1733220665E9	47.26294973697347	217.56436420722136
1.1770887505E9	43.489467472551055	0.0
1.1808554345E9	43.74790902904309	0.0
1.18295572E9	55.515655199072285	217.56436420722136
1.184839062E9	51.570594598627274	0.0
1.1871227565E9	42.23880244471346	0.0
1.1890060985E9	44.47934096227201	217.56436420722136
1.1921554865E9	45.528125180660204	0.0
1.194208376E9	70.5386965376782	0.0
1.196091718E9	49.87311917142523	217.56436420722136
1.1996888545E9	51.63922065735429	0.0
1.2034555385E9	46.90791366906475	0.0
1.205964286E9	50.84331040729105	217.56436420722136
1.207847628E9	47.57231806079432	0.0
1.2109889065E9	36.727461665800696	0.0
1.2143429055E9	40.752012016978114	217.56436420722136
1.2162262475E9	51.98118510422359	0.0
1.216801628E9	78.38967387153441	0.0
1.2172147425E9	44.72949252693778	217.56436420722136
1.217698548E9	52.4251057200089	0.0
1.219147923E9	34.848664903542804	0.0
1.220384764E9	25.38101265822785	217.56436420722136
1.2222889585E9	48.25734712254755	0.0
1.2246821905E9	44.52589752805399	0.0
1.2265655325E9	44.91685368985754	217.56436420722136
1.2298223265E9	51.57028435463061	0.0
1.2319288975E9	52.38673095205758	0.0
1.232929972E9	45.56450728258882	217.56436420722136
1.234590085E9	44.51667720679736	0.0
1.2357352285E9	35.430059523809526	0.0
1.2376185705E9	40.327942127204224	217.56436420722136
1.2411223785E9	39.537799542931765	0.0
1.24369572E9	25.385878489326764	0.0
1.245579062E9	40.612261377951484	217.56436420722136
1.2486557465E9	47.056671334621456	0.0
1.2524224305E9	48.43366395065489	0.0
1.2558304725E9	44.99287561606402	217.56436420722136
1.2577138145E9	53.99764150943396	0.0
1.2599557985E9	43.42182182367833	0.0
1.2637224825E9	62.76382183707519	217.56436420722136
1.266399777E9	47.743729412018	0.0
1.268283119E9	49.96192559055622	0.0
1.2702648215E9	49.14150002821724	217.56436420722136
1.2721481635E9	44.81148143200641	0.0
1.2750225345E9	49.78888669399312	0.0
1.2787892185E9	50.123847339198214	217.56436420722136
1.2825559025E9	43.31101944350224	0.0
1.2863225865E9	48.931653825358204	0.0
1.2900892705E9	43.373682249545226	217.56436420722136
1.292905651E9	49.00530024784258	0.0
1.294788993E9	36.77698766455893	0.0
1.2976226385E9	38.421571916253924	217.56436420722136
1.3007819595E9	38.48616512393614	0.0
1.3026653015E9	47.14487223347983	0.0
1.3051560065E9	43.75006375057376	217.56436420722136
1.308125637E9	40.123708296427516	0.0
1.3099530335E9	44.67975199163693	0.0
1.310750087E9	62.96167763157895	217.56436420722136
1.311716273E9	51.093794798279745	0.0
1.313599615E9	24.841720103774048	0.0
1.3164560585E9	44.3666170533087	217.56436420722136
1.3183475355E9	42.755917159763314	0.0
1.318611917E9	58.92997038310882	0.0
1.320487124E9	47.0411634566577	217.56436420722136
1.3221606575E9	47.23289777094543	0.0
1.3240439995E9	49.42077790873884	0.0
1.3260730735E9	42.7073599598091	217.56436420722136
1.3279564155E9	22.491162790697675	0.0
1.3315227945E9	25.75649516046867	0.0
1.3352894785E9	22.638385802844294	217.56436420722136
1.3390561625E9	24.536314655172415	0.0
1.341349871E9	19.084804458086325	0.0
1.343233213E9	35.04879480192832	217.56436420722136
1.3465895305E9	46.135274876015615	0.0
1.350223075E9	25.453575335832273	0.0
1.352106417E9	43.32509476876422	217.56436420722136
1.3541228985E9	36.6309862508184	0.0
1.3578895825E9	24.423768512846383	0.0
1.359988153E9	22.161165549252193	217.56436420722136
1.361871495E9	25.426982418371008	0.0
1.3654229505E9	27.28765323992995	0.0
1.367348837E9	25.082833133253303	217.56436420722136
1.369232179E9	36.697976878612714	0.0
1.3724826175E9	26.634437561720084	0.0
1.3743659595E9	49.58244829513695	217.56436420722136
1.3767230025E9	23.96127870328681	0.0
1.37900384E9	24.11060948081264	0.0
1.380887182E9	65.51972630659485	217.56436420722136
1.383457576E9	21.276507276507278	0.0
1.385340918E9	34.73724763483858	0.0
1.387776858E9	25.348138781316685	217.56436420722136
1.3896602E9	56.99815088757396	0.0
1.391752518E9	41.77783375854898	0.0
1.39363586E9	19.523809523809526	217.56436420722136
1.3955423535E9	23.591057899167524	0.0
1.3974256955E9	24.07335907335907	0.0
1.399322655E9	32.504015205512	217.56436420722136
1.401205997E9	20.142857142857142	0.0
1.402779497E9	29.368772134090136	0.0
1.404662839E9	22.544747081712064	217.56436420722136
1.406187339E9	64.79991663192997	0.0
1.408070681E9	21.785100286532952	0.0
1.409581681E9	22.495077355836848	217.56436420722136
1.411465023E9	21.741450471698112	0.0
1.412955023E9	26.164481525625746	0.0
1.414838365E9	27.502407704654896	217.56436420722136
1.416314865E9	22.677966101694917	0.0
1.4177770455E9	26.50096756160142	0.0
1.419618707E9	69.67597087378641	217.56436420722136
1.4208732825E9	25.560126582278482	0.0
1.4227566245E9	25.857543859649123	0.0
1.4239516245E9	19.78	217.56436420722136
1.4252805205E9	45.477781284066786	0.0
1.4270187905E9	48.15602701325179	0.0
1.4281244605E9	100.64540031689813	217.56436420722136
1.4297276525E9	106.55309370032057	0.0
1.4310597705E9	25.385265133740027	0.0
1.4321072705E9	30.590940605500347	217.56436420722136
1.433901205E9	68.13043028547787	0.0
1.435017197E9	28.48032994923858	0.0
1.435976007E9	33.26269946345202	217.56436420722136
1.437770491E9	44.92577815110364	0.0
1.4387844305E9	37.37970669837495	0.0
1.4396449305E9	35.263736526946104	217.56436420722136
1.4412610725E9	26.806190125276345	0.0
1.4423727725E9	39.300242130750604	0.0
1.4431587725E9	32.73295454545455	217.56436420722136
1.4444460725E9	28.485260770975056	0.0
1.4458106145E9	28.729733706046787	0.0
1.4464626145E9	46.64705882352941	217.56436420722136
1.4471649735E9	28.93787171744899	0.0
1.4484408745E9	28.625423884153605	0.0
1.4496218575E9	46.73299677464591	217.56436420722136
1.4502383575E9	42.67637941723497	0.0
1.4508763745E9	26.29102344196684	0.0
1.4520218745E9	30.519787467936972	217.56436420722136
1.4531303745E9	31.330580623190873	0.0
1.4538031995E9	22.03960396039604	0.0
1.4542691995E9	23.11611374407583	217.56436420722136
1.4550418745E9	20.929435483870968	0.0
1.4559046405E9	19.816120906801007	0.0
1.4567389065E9	49.62390791845791	217.56436420722136
1.4574303075E9	22.694573130377233	0.0
1.4578326605E9	22.69328585961343	0.0
1.4583377155E9	93.46559633027523	217.56436420722136
1.4590933185E9	28.03206106870229	0.0
1.459836676E9	39.36957073914148	0.0
1.4605650305E9	124.91273176761433	217.56436420722136
1.46119996E9	21.448888888888888	0.0
1.46155196E9	21.144736842105264	0.0
1.4619770275E9	36.95561565383392	217.56436420722136
1.4626570315E9	19.717261904761905	0.0
1.4633240355E9	24.729924277834908	0.0
1.4639475355E9	49.89001601708489	217.56436420722136
1.4645250355E9	27.954988747186796	0.0
1.465026306E9	53.41120607787274	0.0
1.465306447E9	58.39633027522936	217.56436420722136
1.4656521245E9	26.0356	0.0
1.466191361E9	26.713125	0.0
1.466707608E9	176.42262842735582	217.56436420722136
1.4672094255E9	41.393429558133356	0.0
1.467686418E9	20.067039106145252	0.0
1.4681478745E9	83.99890230515916	217.56436420722136
1.4686029165E9	22.057142857142857	0.0
1.4689173775E9	73.44262295081967	0.0
1.469136474E9	60.43211792086889	217.56436420722136
1.46947457E9	62.10956017908875	0.0
1.4698911115E9	46.06306306306306	0.0
1.470303225E9	112.54981031333428	217.56436420722136
1.4707061795E9	22.585714285714285	0.0
1.4711037095E9	19.60655737704918	0.0
1.4714859995E9	40.31675675675676	217.56436420722136
1.4718500525E9	25.98048780487805	0.0
1.4722012425E9	34.710906701708275	0.0
1.4725402275E9	51.66361386138614	217.56436420722136
1.47274088E9	20.589496248660236	0.0
1.472908492E9	22.997431946584488	0.0
1.4732100395E9	51.621550302363936	217.56436420722136
1.473541107E9	19.443514644351463	0.0
1.473869051E9	28.08133971291866	0.0
1.4741950565E9	28.079159170533092	217.56436420722136
1.4745184665E9	19.90277777777778	0.0
1.474825521E9	189.7898067778033	0.0
1.4751180275E9	35.131001206272614	217.56436420722136
1.47540839E9	49.35207939508506	0.0
1.475695139E9	29.004483299708586	0.0
1.4759802585E9	24.23076923076923	217.56436420722136
1.4762637585E9	26.70601851851852	0.0
1.4764724435E9	192.36181996997774	0.0
1.476613217E9	191.35243553008596	217.56436420722136
1.476820649E9	44.75209600526056	0.0
1.4770869925E9	106.74074074074075	0.0
1.47734567E9	75.31916480238628	217.56436420722136
1.4775968475E9	23.210526315789473	0.0
1.4778442205E9	19.38095238095238	0.0
1.4780885935E9	38.78550724637681	217.56436420722136
1.478322013E9	19.72072072072072	0.0
1.478542147E9	43.97769516728624	0.0
1.4787578105E9	187.22609585536415	217.56436420722136
1.4789716245E9	19.462962962962962	0.0
1.4791834895E9	24.313003452243958	0.0
1.479393952E9	53.679245283018865	217.56436420722136
1.479601761E9	32.11340206185567	0.0
1.479807114E9	53.67908092412574	0.0
1.480011556E9	39.816760037348274	217.56436420722136
1.480210152E9	50.348684210526315	0.0
1.480309867E9	28.434782608695652	0.0
1.480410536E9	19.9	217.56436420722136
1.480604181E9	179.47057308908998	0.0
1.4807960345E9	23.698591549295774	0.0
1.4809875655E9	32.75485366560417	217.56436420722136
1.4811785945E9	28.076395385095104	0.0
1.4813689155E9	22.043478260869566	0.0
1.4815581185E9	48.832978156632926	217.56436420722136
1.481744339E9	33.42857142857143	0.0
1.4819283565E9	24.813793103448276	0.0
1.482110815E9	184.8793382791848	217.56436420722136
1.4822910125E9	19.50588235294118	0.0
1.4824702515E9	22.425793907971485	0.0
1.4826492515E9	24.764056224899598	217.56436420722136
1.482826747E9	40.16835406421753	0.0
1.4830019085E9	183.0334900954824	0.0
1.4831760745E9	21.71134492223239	217.56436420722136
1.4833498215E9	20.0	0.0
1.4835230685E9	25.54591836734694	0.0
1.483695018E9	25.156911581569116	217.56436420722136
1.48386552E9	25.539800995024876	0.0
1.4840120345E9	149.87219866747427	0.0
1.4840960915E9	161.36477987421384	217.56436420722136
1.484200552E9	38.37271937445699	0.0
1.4843639175E9	24.482111436950145	0.0
1.484525558E9	101.99072847682119	217.56436420722136
1.4846856985E9	36.53029045643154	0.0
1.484845447E9	19.721804511278197	0.0
1.4850036955E9	20.869130100076983	217.56436420722136
1.4851601785E9	46.81212638770282	0.0
1.4853153435E9	30.276371308016877	0.0
1.4854690065E9	100.5925925925926	217.56436420722136
1.4856214875E9	31.70663562281723	0.0
1.48577251E9	36.5517890772128	0.0
1.485921701E9	185.96206440229378	217.56436420722136
1.486069029E9	26.561830574488802	0.0
1.4862152755E9	51.299636002647254	0.0
1.486358319E9	182.49287534207795	217.56436420722136
1.4864977755E9	33.81962025316456	0.0
1.4866360005E9	20.185344827586206	0.0
1.4867727255E9	115.09147286821705	217.56436420722136
1.48690823E9	183.13926022063595	0.0
1.4870422705E9	22.825116279069768	0.0
1.487175276E9	184.9080378250591	217.56436420722136
1.4873076115E9	41.81067125645439	0.0
1.487438976E9	43.08154168851599	0.0
1.487569754E9	162.40761946707772	217.56436420722136
1.487699834E9	44.701581027667984	0.0
1.4878024075E9	22.873684210526317	0.0
1.4878669075E9	19.957264957264957	217.56436420722136
1.4879581345E9	21.195652173913043	0.0
1.4880870475E9	191.52483461469694	0.0
1.488215313E9	182.1067632285948	217.56436420722136
1.488342982E9	42.900886637112094	0.0
1.488469797E9	19.392857142857142	0.0
1.488595719E9	21.850262697022767	217.56436420722136
1.488720578E9	19.0	0.0
1.4888435135E9	75.9395218002813	0.0
1.4889645135E9	20.071428571428573	217.56436420722136
1.4890836905E9	182.67788924007147	0.0
1.4892017335E9	103.164	0.0
1.4893190995E9	52.011922503725785	217.56436420722136
1.489435056E9	95.14489003880983	0.0
1.4895490925E9	19.90625	0.0
1.4896621725E9	91.84272097053726	217.56436420722136
1.4897746275E9	48.89696412143514	0.0
1.4898865215E9	183.62989007436147	0.0
1.489998264E9	19.666666666666668	217.56436420722136
1.4901095675E9	31.911971830985916	0.0
1.4902193155E9	63.373477361526085	0.0
1.490327346E9	84.72	217.56436420722136
1.4904336285E9	72.52069297401347	0.0
1.490538307E9	184.02398081534773	0.0
1.4906421835E9	20.53846153846154	217.56436420722136
1.490744471E9	47.557178631051755	0.0
1.4908455605E9	22.5873786407767	0.0
1.4909457125E9	183.57146516393442	217.56436420722136
1.4910448645E9	80.59131736526946	0.0
1.4911434675E9	182.9517950601414	0.0
1.491241309E9	182.4782648823258	217.56436420722136
1.4913381475E9	22.63002364066194	0.0
1.4914340935E9	182.9085783771833	0.0
1.491529762E9	183.1871253071253	217.56436420722136
1.4915922245E9	21.8	0.0
1.4916397245E9	30.894736842105264	0.0
1.491719761E9	182.01437716444536	217.56436420722136
1.491814071E9	184.42347606174238	0.0
1.4919081355E9	183.31797035594505	0.0
1.492001913E9	115.41165587419056	217.56436420722136
1.492094934E9	78.471	0.0
1.492186973E9	183.30115612369585	0.0
1.492278363E9	63.00359195402299	217.56436420722136
1.492369289E9	20.26086956521739	0.0
1.4924600215E9	21.0	0.0
1.4925506495E9	77.78248587570621	217.56436420722136
1.492640991E9	85.8739213806328	0.0
1.492730352E9	184.06728991164988	0.0
1.4928189615E9	20.866666666666667	217.56436420722136
1.4929074865E9	27.54371002132196	0.0
1.4929958815E9	95.80125523012552	0.0
1.493083867E9	23.872307692307693	217.56436420722136
1.49317108E9	23.02913907284768	0.0
1.4932578505E9	94.79790419161677	0.0
1.4933445515E9	86.45885005636978	217.56436420722136
1.4934308735E9	20.64814814814815	0.0
1.4935165205E9	38.66288492706645	0.0
1.493601754E9	179.15123757552135	217.56436420722136
1.4936868405E9	30.14760914760915	0.0
1.4937708405E9	19.818181818181817	0.0
1.4938528405E9	23.294117647058822	217.56436420722136
1.4939334965E9	183.38198097369894	0.0
1.494013536E9	19.898809523809526	0.0
1.4940931735E9	92.7360594795539	217.56436420722136
1.494172662E9	118.25854700854701	0.0
1.4942520195E9	119.5435064373974	0.0
1.494330266E9	140.43676470588235	217.56436420722136
1.4944070245E9	182.3482631378038	0.0
1.4944831845E9	88.95268138801262	0.0
1.494558901E9	87.9880239520958	217.56436420722136
1.4946342225E9	108.11208791208792	0.0
1.4947092295E9	28.137931034482758	0.0
1.4947838015E9	160.82844036697247	217.56436420722136
1.4948579965E9	21.807174887892376	0.0
1.494931878E9	60.33719433719434	0.0
1.4950050725E9	32.42696629213483	217.56436420722136
1.4950776565E9	19.363636363636363	0.0
1.495150197E9	183.84375723882326	0.0
1.495222726E9	156.15622888037845	217.56436420722136
1.495294851E9	24.093425605536332	0.0
1.4953521325E9	184.5360998967233	0.0
1.495387989E9	151.3424561403509	217.56436420722136
1.495438073E9	185.64892120075046	0.0
1.495508772E9	183.2821807168097	0.0
1.49557855E9	92.0679012345679	217.56436420722136
1.4956478625E9	87.74384236453201	0.0
1.49571656E9	183.8822603494412	0.0
1.4957846955E9	183.8795955882353	217.56436420722136
1.495851637E9	21.74074074074074	0.0
1.4959172985E9	145.07619047619048	0.0
1.4959827275E9	182.81369150779895	217.56436420722136
1.4960479565E9	183.6905346426623	0.0
1.496112885E9	42.943396226415096	0.0
1.4961773285E9	108.28395061728395	217.56436420722136
1.496241306E9	21.0	0.0
1.496304546E9	182.2633009708738	0.0
1.496367105E9	101.24923076923076	217.56436420722136
1.4964293385E9	69.84834123222748	0.0
1.4964912555E9	80.84827729348277	0.0
1.4965529165E9	86.0	217.56436420722136
1.4966140635E9	22.357142857142858	0.0
1.496674755E9	104.3409090909091	0.0
1.4967349575E9	183.23397435897436	217.56436420722136
1.4967945915E9	184.64424320827942	0.0
1.4968538115E9	28.98355263157895	0.0
1.4969127855E9	19.17948717948718	217.56436420722136
1.496971478E9	170.7568578553616	0.0
1.4970296965E9	55.75209692451072	0.0
1.497087545E9	89.53191489361703	217.56436420722136
1.4971451485E9	20.348130841121495	0.0
1.49720257E9	175.1818181818182	0.0
1.4972598805E9	83.94927536231884	217.56436420722136
1.4973171385E9	157.41682977046847	0.0
1.4973743525E9	79.80571705426357	0.0
1.497431505E9	48.54765291607397	217.56436420722136
1.4974886085E9	93.3699421965318	0.0
1.4975456595E9	55.59159347553325	0.0
1.4976022535E9	19.75	217.56436420722136
1.4976583475E9	25.616161616161616	0.0
1.4977143475E9	50.92700729927007	0.0
1.497770018E9	182.75601423487544	217.56436420722136
1.497825316E9	217.56436420722136	0.0
1.4978804435E9	21.842105263157894	0.0
1.497935247E9	84.29569892473118	217.56436420722136
1.49798974E9	112.86455331412104	0.0
1.4980439295E9	26.651282051282053	0.0
1.4980979295E9	19.5	217.56436420722136
1.4981517595E9	157.37602688573563	0.0
1.498205399E9	184.7217729393468	0.0
1.4982589545E9	81.44550810014728	217.56436420722136
1.4983124455E9	47.95400475812847	0.0
1.4983657885E9	20.5625	0.0
1.4984188865E9	64.73843930635839	217.56436420722136
1.498471451E9	83.79166666666667	0.0
1.4985234915E9	21.57986577181208	0.0
1.49857505E9	93.2059620596206	217.56436420722136
1.4986261245E9	20.840690978886755	0.0
1.498677085E9	101.75	0.0
1.4987275325E9	108.92335766423358	217.56436420722136
1.4987774515E9	0.0	0.0
1.498827088E9	169.1965	0.0
1.498876377E9	182.96019647696477	217.56436420722136
1.49892555E9	184.52672897196263	0.0
1.4989744305E9	183.57087378640776	0.0
1.4990227755E9	19.36842105263158	217.56436420722136
1.4990707755E9	102.49753694581281	0.0
1.4991174815E9	139.26625386996903	0.0
1.499141392E9	153.3030303030303	217.56436420722136
1.4991663625E9	119.08744352409639	0.0
1.499213845E9	97.02439024390245	0.0
1.499261117E9	181.58291106063254	217.56436420722136
1.499308272E9	102.42307692307692	0.0
1.4993552865E9	90.81818181818181	0.0
1.4994021775E9	20.70873786407767	217.56436420722136
1.499448952E9	105.34241245136187	0.0
1.499495555E9	60.65610859728507	0.0
1.499541927E9	184.73815373815373	217.56436420722136
1.4995880455E9	96.72327044025157	0.0
1.4996338655E9	20.380753138075313	0.0
1.4996794305E9	96.8061224489796	217.56436420722136
1.49972467E9	185.79867511520737	0.0
1.4997694385E9	187.7363361224853	0.0
1.499813914E9	97.5929648241206	217.56436420722136
1.4998582335E9	188.29582909460834	0.0
1.499902437E9	82.3887323943662	0.0
1.4999465125E9	89.16666666666667	217.56436420722136
1.4999904425E9	158.09071630918658	0.0
1.5000342475E9	72.08527131782945	0.0
1.500077897E9	180.3653224067285	217.56436420722136
1.5001214295E9	157.12077414245408	0.0
1.5001648935E9	83.04526748971193	0.0
1.500208052E9	19.625	217.56436420722136
1.50025082E9	181.95448430493275	0.0
1.5002933985E9	29.78197997775306	0.0
1.5003356255E9	179.8801926550271	217.56436420722136
1.5003772345E9	96.32374100719424	0.0
1.5004183575E9	209.60738255033556	0.0
1.5004590585E9	185.34295837023916	217.56436420722136
1.500499455E9	43.38829151732377	0.0
1.5005397815E9	30.24376508447305	0.0
1.5005798835E9	183.23207547169812	217.56436420722136
1.5006197495E9	180.08	0.0
1.5006594765E9	179.26223602484473	0.0
1.5006990945E9	95.54773869346734	217.56436420722136
1.500738606E9	184.39052523171986	0.0
1.500778009E9	182.56343442973088	0.0
1.500817273E9	100.81304347826087	217.56436420722136
1.5008564005E9	100.63194444444444	0.0
1.5008953925E9	104.33590733590734	0.0
1.5009342335E9	182.50201655699428	217.56436420722136
1.5009729975E9	187.55154749199573	0.0
1.50101161E9	19.333333333333332	0.0
1.501050102E9	98.06369426751593	217.56436420722136
1.5010885475E9	19.0	0.0
1.5011268985E9	91.8529411764706	0.0
1.501165097E9	112.63851351351352	217.56436420722136
1.501203126E9	97.5	0.0
1.501241044E9	105.60126582278481	0.0
1.501278825E9	157.96190476190475	217.56436420722136
1.5013164085E9	182.7308930008045	0.0
1.5013538565E9	85.66379310344827	0.0
1.5013910975E9	182.8447837150127	217.56436420722136
1.501428063E9	78.48372093023256	0.0
1.501464846E9	21.0	0.0
1.501501344E9	184.52043826380108	217.56436420722136
1.5015375365E9	82.20207253886011	0.0
1.50157363E9	174.6611154706891	0.0
1.5016096085E9	182.80434782608697	217.56436420722136
1.5016454845E9	31.061728395061728	0.0
1.501681049E9	119.08849557522124	0.0
1.501716299E9	19.25	217.56436420722136
1.501751501E9	185.37261146496814	0.0
1.5017866105E9	183.1331612903226	0.0
1.5018214115E9	181.7810298102981	217.56436420722136
1.501855949E9	183.64532434709352	0.0
1.501890481E9	183.98196166854567	0.0
1.5019249615E9	101.83333333333333	217.56436420722136
1.501959368E9	102.87074829931973	0.0
1.5019936215E9	182.99763983950908	0.0
1.5020276835E9	23.549186128803964	217.56436420722136
1.502061664E9	89.5	0.0
1.502095591E9	59.64835164835165	0.0
1.5021294255E9	113.39393939393939	217.56436420722136
1.5021631415E9	19.0	0.0
1.502196793E9	89.4530612244898	0.0
1.502230415E9	185.5435684647303	217.56436420722136
1.502263933E9	43.683153013910356	0.0
1.502297268E9	88.6734693877551	0.0
1.5023304645E9	183.95302336786315	217.56436420722136
1.50236357E9	95.03355704697987	0.0
1.502396564E9	0.0	0.0
1.502429487E9	93.14074074074074	217.56436420722136
1.5024623515E9	62.35820895522388	0.0
1.502495075E9	110.795	0.0
1.502527657E9	0.0	217.56436420722136
1.502560186E9	102.49693251533742	0.0
1.5025926685E9	20.0	0.0
1.5026250945E9	88.32460732984293	217.56436420722136
1.5026573625E9	19.0	0.0
1.502689409E9	184.24310194597734	0.0
1.5027213285E9	114.22012578616352	217.56436420722136
1.502753191E9	20.46153846153846	0.0
1.502785012E9	183.53695481849047	0.0
1.502816803E9	81.31550802139037	217.56436420722136
1.5028485815E9	78.19272727272727	0.0
1.502880251E9	184.46648301193756	0.0
1.5029014765E9	184.2929292929293	217.56436420722136
1.502917251E9	179.7089995431704	0.0
1.5029432885E9	31.88235294117647	0.0
1.5029746615E9	182.33303938859495	217.56436420722136
1.503005942E9	105.85258964143426	0.0
1.5030371605E9	180.44051160023795	0.0
1.503068136E9	129.78827361563518	217.56436420722136
1.5030988115E9	183.9965156794425	0.0
1.5031294005E9	0.0	0.0
1.503159934E9	39.272965879265094	217.56436420722136
1.5031903865E9	109.47297297297297	0.0
1.5032207375E9	99.40789473684211	0.0
1.503250987E9	90.79081632653062	217.56436420722136
1.503281073E9	163.4572192513369	0.0
1.5033110395E9	22.1294964028777	0.0
1.5033408965E9	112.52985074626865	217.56436420722136
1.5033706265E9	184.50493421052633	0.0
1.5034002165E9	112.4758064516129	0.0
1.5034296905E9	71.0770509977827	217.56436420722136
1.5034591055E9	139.2097902097902	0.0
1.503488396E9	169.25	0.0
1.503517477E9	185.10507569011577	217.56436420722136
1.503546407E9	25.96527777777778	0.0
1.503575265E9	180.7074196455392	0.0
1.503603944E9	89.71597633136095	217.56436420722136
1.503632476E9	32.3855421686747	0.0
1.503660941E9	183.9112122936824	0.0
1.5036892985E9	44.60688160390138	217.56436420722136
1.503717559E9	111.30102040816327	0.0
1.5037457875E9	181.51699181875392	0.0
1.5037739785E9	150.6789315407748	217.56436420722136
1.5038021275E9	0.0	0.0
1.5038302115E9	184.33087103724222	0.0
1.5038582345E9	182.2658793488669	217.56436420722136
1.503886121E9	90.4472049689441	0.0
1.503913824E9	0.0	0.0
1.503941448E9	42.63594470046083	217.56436420722136
1.5039690085E9	159.73947520944202	0.0
1.503996491E9	77.42857142857143	0.0
1.5040239295E9	167.49411764705883	217.56436420722136
1.50405134E9	181.80851706433103	0.0
1.5040787125E9	19.333333333333332	0.0
1.5041060415E9	88.45045045045045	217.56436420722136
1.5041333075E9	182.59706422018348	0.0
1.5041605315E9	120.5	0.0
1.5041877425E9	199.87853710624665	217.56436420722136
1.5042149345E9	40.0	0.0
1.5042420895E9	77.87404580152672	0.0
1.504269151E9	157.98914546640574	217.56436420722136
1.50429607E9	184.19762454635435	0.0
1.5043228815E9	98.8076923076923	0.0
1.504349657E9	105.49664429530202	217.56436420722136
1.504376309E9	20.161290322580644	0.0
1.5044027855E9	188.1960682876358	0.0
1.504429204E9	182.41259600614438	217.56436420722136
1.5044555725E9	97.33116883116882	0.0
1.5044817345E9	77.42635658914729	0.0
1.5045077335E9	112.96551724137932	217.56436420722136
1.504533726E9	19.0	0.0
1.504559515E9	185.42415817114613	0.0
1.504585062E9	180.4740233588401	217.56436420722136
1.5046104935E9	145.3469387755102	0.0
1.504635845E9	184.00656912511198	0.0
1.504661185E9	184.18144187650915	217.56436420722136
1.5046865215E9	185.31258890469417	0.0
1.504711854E9	184.41016949152544	0.0
1.504737139E9	28.208791208791208	217.56436420722136
1.5047623165E9	160.89970717423134	0.0
1.504787421E9	0.0	0.0
1.5048124905E9	87.33333333333333	217.56436420722136
1.5048375215E9	185.26392018023816	0.0
1.5048624465E9	181.2038770053476	0.0
1.504887267E9	186.82771535580525	217.56436420722136
1.504912041E9	186.2819211245607	0.0
1.5049367755E9	23.205479452054796	0.0
1.504961432E9	158.5433360473931	217.56436420722136
1.504986013E9	185.7271872060207	0.0
1.5050105905E9	28.2803738317757	0.0
1.505035124E9	0.0	217.56436420722136
1.505059598E9	30.559006211180126	0.0
1.5050840155E9	92.76106194690266	0.0
1.5051083285E9	184.85393658710368	217.56436420722136
1.505132541E9	184.59448574969022	0.0
1.5051567165E9	184.30963302752295	0.0
1.5051808025E9	182.6691820102626	217.56436420722136
1.505204769E9	184.50991869918698	0.0
1.5052287025E9	187.2141089108911	0.0
1.505252602E9	99.55172413793103	217.56436420722136
1.5052764175E9	112.57446808510639	0.0
1.505300174E9	182.63212054391767	0.0
1.505323782E9	185.24387216878685	217.56436420722136
1.505347225E9	183.66483918128654	0.0
1.5053706425E9	87.90697674418605	0.0
1.505394034E9	115.13157894736842	217.56436420722136
1.5054172675E9	114.27745664739885	0.0
1.505440338E9	157.84482033409446	0.0
1.505463334E9	181.90023879013	217.56436420722136
1.505486272E9	182.28283796740172	0.0
1.505509163E9	51.333333333333336	0.0
1.505531991E9	184.52625189681336	217.56436420722136
1.5055546875E9	24.25581395348837	0.0
1.5055772675E9	97.06569343065694	0.0
1.505599805E9	119.56350736168642	217.56436420722136
1.5056222585E9	27.375	0.0
1.5056445755E9	181.7802731411229	0.0
1.505666752E9	183.45045045045046	217.56436420722136
1.505688842E9	0.0	0.0
1.5057108895E9	36.32432432432432	0.0
1.5057327895E9	182.29070796460178	217.56436420722136
1.505754487E9	19.0	0.0
1.5057760305E9	0.0	0.0
1.5057973695E9	181.50536044362292	217.56436420722136
1.5058184785E9	19.0	0.0
1.505839342E9	100.78620689655172	0.0
1.5058599945E9	183.6594501718213	217.56436420722136
1.505880554E9	184.60183066361557	0.0
1.505901062E9	121.87777777777778	0.0
1.5059214515E9	60.463474408521066	217.56436420722136
1.505941733E9	94.13888888888889	0.0
1.505961904E9	185.0475642500959	0.0
1.505981936E9	46.89180327868853	217.56436420722136
1.506001832E9	186.0129144851658	0.0
1.5060216395E9	184.5439755973564	0.0
1.506041367E9	183.9785447761194	217.56436420722136
1.506061005E9	184.69387755102042	0.0
1.5060805605E9	183.15808656036447	0.0
1.506100015E9	34.583743842364534	217.56436420722136
1.506119436E9	105.58878504672897	0.0
1.506138834E9	23.123287671232877	0.0
1.506158163E9	113.92860370537731	217.56436420722136
1.5061774085E9	31.119760479041915	0.0
1.5061965695E9	84.4367816091954	0.0
1.5062156255E9	29.24074074074074	217.56436420722136
1.506234385E9	0.0	0.0
1.5062526505E9	99.91261061946902	0.0
1.506270461E9	0.0	217.56436420722136
1.5062880045E9	103.6923076923077	0.0
1.506305279E9	20.60952380952381	0.0
1.506322231E9	80.3169014084507	217.56436420722136
1.506338785E9	99.0	0.0
1.5063546955E9	156.2155723416618	0.0
1.5063702115E9	157.13553631383635	217.56436420722136
1.5063855075E9	157.49641184092494	0.0
1.5064005505E9	71.96251638269987	0.0
1.5064154905E9	155.98569377753577	217.56436420722136
1.5064303855E9	158.37600500698088	0.0
1.5064452295E9	155.83429263859438	0.0
1.5064599895E9	156.14608153621876	217.56436420722136
1.5064746485E9	157.0447859606411	0.0
1.506489184E9	94.0	0.0
1.5065036555E9	156.8828316953317	217.56436420722136
1.5065180825E9	157.25313384553175	0.0
1.5065324375E9	158.22343242568073	0.0
1.5065467295E9	156.99009498653933	217.56436420722136
1.506560963E9	96.41534864530325	0.0
1.5065751655E9	21.25225225225225	0.0
1.5065891015E9	20.375	217.56436420722136
1.50660254E9	36.08411214953271	0.0
1.5066156845E9	105.3664	0.0
1.506628763E9	76.17245370370371	217.56436420722136
1.5066413735E9	163.66941613150297	0.0
1.5066524985E9	150.6533354536058	0.0
1.5066619875E9	84.98611111111111	217.56436420722136
1.5066699435E9	21.121951219512194	0.0
