# Position (bp)	A	C	G	T	N
0.0	20.455197365962448	34.80893235258949	28.266619011136555	16.38729047407366	0.0819607962378496
1.0	24.85327940874838	18.991923304839204	21.19388506877746	34.901740568792114	0.05917164884284561
2.0	27.651872921025454	25.34214426254226	19.71410584690674	27.291781990051494	9.497947404522626E-5
3.0	32.74494681607752	22.32914667725242	21.775319661273983	23.143903008494345	0.006683836901734502
4.0	30.83499520191336	20.297676231253096	24.26162451602054	24.605693373568748	1.0677244256643582E-5
5.0	34.557951644285	19.644402025675575	24.042624136694258	21.755022193345177	0.0
6.0	26.03241504846488	20.03444670733538	18.108780687745895	35.8236306486431	7.269078107407317E-4
7.0	24.005184737093906	24.737422500174656	20.618270915591825	30.639121847139617	0.0
8.0	23.1311704234541	23.620338874615463	22.38491053535198	30.86358016657845	0.0
9.0	32.88931219244663	18.772509868820705	21.31570033105423	27.022477607678425	0.0
10.0	26.479464659911027	24.517646994789864	25.386368963021035	23.602590604268162	0.013928778009914915
11.0	24.699728180146742	25.424060104206248	23.961089528296657	25.913527234419405	0.0015949529309453167
12.0	27.572486523687623	22.145471664376455	22.122176129976122	28.15961112810708	2.545538527188434E-4
13.0	27.108507391098076	21.844099544225532	22.131497472823064	28.915295245867593	6.003459857306335E-4
14.0	27.67579568791188	22.595223766089756	22.39249661534789	27.33634675039283	1.3718025763824186E-4
15.0	28.33050087181413	22.42893199122109	21.853974430913834	27.383674938909685	0.0029177671412609673
16.0	27.484499112878797	22.22963219603109	22.34950635827474	27.93462354667593	0.001738786139444932
17.0	27.95167881017907	22.851423451339056	22.419213842035898	26.77724055363856	4.433428074147298E-4
18.0	28.236194893155975	22.19281994785454	22.069204164951525	27.485454745748957	0.01632624828900435
19.0	27.293099889142404	22.216388261587362	22.277739535941883	28.18368362065069	0.02908869267766034
20.0	27.608819137947343	22.903252474550722	22.168269950896622	27.31961766557367	4.0771031642585836E-5
21.0	28.5649062920129	22.342730755102462	21.674297228943594	27.418065723941048	0.0
22.0	27.156116194831938	22.233123853252543	22.41268920697877	28.19807074493676	0.0
23.0	27.8548586979774	22.767094802828392	22.302841359729282	27.07520513946493	0.0
24.0	28.26248994118485	22.14012878307464	21.929351055597238	27.668030220143276	0.0
25.0	27.254367111782045	22.16712383731862	22.418755122365496	28.15975392853384	0.0
26.0	27.620322773503563	22.581690183159743	22.1622257045591	27.63576133877759	0.0
27.0	28.176287610027227	22.184491854047767	22.02957817555453	27.609639404397445	2.955973028283223E-6
28.0	27.23247662519665	22.22061856837697	22.351253925435064	28.195650880991312	0.0
29.0	27.938562422499203	22.516066689094753	22.457435506937863	27.08793246797275	2.9134954361405068E-6
30.0	27.916332587484376	22.207819000890332	21.985308521341185	27.876164960994114	0.014374929289989026
31.0	27.270812599044515	22.07340538784885	22.266007542234657	28.388773327468396	0.0010011434035797494
32.0	27.67850334584289	22.783140079792794	22.134242571834925	27.403899327259225	2.1467527016453397E-4
33.0	28.295961170393635	22.112069376565398	21.801686447882673	27.78963681291724	6.461922410530486E-4
34.0	27.452816932264945	21.993035431790133	22.361377924300424	28.191891119926126	8.785917183717893E-4
35.0	27.519297937117308	22.909656285947467	22.49657169396916	27.069901596997177	0.004572485968889314
36.0	28.153866102376135	22.14332625441484	22.094514168302936	27.608282236297644	1.1238608441122124E-5
37.0	27.429143079592833	22.101825979777647	22.18356459261594	28.285466348013582	0.0
38.0	27.4930607508941	22.590168956151892	22.45193486858766	27.464835424366346	0.0
39.0	28.340026632833194	22.075572171069773	21.85560866795641	27.728792528140623	0.0
40.0	27.37642052879508	22.19258403567945	22.265728477554603	28.165266957970864	0.0
41.0	27.80290122284828	22.64249673495288	22.3339583466407	27.220643695558145	0.0
42.0	27.969116611842498	22.280453483807825	22.172688368271125	27.57772224457128	1.929150726943955E-5
43.0	27.221569038799696	22.155743737505613	22.532671824865332	28.090015398829348	0.0
44.0	27.60629110255494	22.541794265610594	22.401320627651785	27.450185523073085	4.084811095991827E-4
45.0	28.413703861597593	22.18987113989878	21.835484875358603	27.56087996730366	6.0155841363249486E-5
46.0	27.088672694645595	22.279432944710962	22.446132813392598	28.18576154725084	0.0
47.0	27.77212929199655	22.773087733963745	22.351604776118688	27.10317275068051	5.447240506944169E-6
48.0	28.178713013821337	22.299347177613733	22.00863833458169	27.513296035903938	5.438079296495258E-6
49.0	27.461996123149078	22.033142996793874	22.31572929971073	28.189115298581914	1.628176439944997E-5
50.0	27.585505345958445	22.651325242989614	22.26266051596679	27.499994175542014	5.147195431371008E-4
51.0	28.415726405989254	22.015589382886017	21.857044751459647	27.711634045444157	5.414220927718093E-6
52.0	27.475177836863285	22.02616576412372	22.248702298593642	28.24941028575918	5.438146601718422E-4
53.0	27.676924124867007	22.822122786759046	22.33861829756684	27.16204286356835	2.9192723875755765E-4
54.0	28.029281840593217	22.263248544399993	22.130807546407983	27.576632347864017	2.972073478950884E-5
55.0	27.325380216972555	22.232688215101476	22.413414508437093	28.02804985713465	4.672023542245612E-4
56.0	27.448664163201393	22.776994454699118	22.363446317650595	27.410895064448894	0.0
57.0	28.176523227424937	22.15678344710054	22.010711006611466	27.646734116421634	0.009248202441422807
58.0	27.264376857997657	22.194719086458147	22.31927853929101	28.205351389745857	0.0162741265073248
59.0	27.78266679237518	22.691007378659574	22.404401144804517	27.12192468416073	0.0
60.0	27.932344640810353	22.42012110685708	22.070002537870067	27.5775317144625	0.0
61.0	27.23901634955204	22.246925487613964	22.341883252976174	28.172174909857826	0.0
62.0	27.52269114595708	22.7843669843191	22.305966113300922	27.386494524937472	4.812314854296624E-4
63.0	28.136668510182012	22.34243765923446	21.945862318751008	27.574022613866372	0.0010088979661455496
64.0	27.31890988203301	22.109326887860302	22.388076993770454	28.183686236336236	0.0
65.0	27.692973699743767	22.813417881246643	22.414836410359626	27.078709661679586	6.234697037773454E-5
66.0	28.006573452176287	22.310225883756598	21.99630018663585	27.686745732592065	1.5474483919852922E-4
67.0	27.22748907174193	22.18528019757873	22.620528963364233	27.96670176731511	0.0
68.0	27.595453499543616	22.592599054952554	22.288318533115376	27.523266313409838	3.625989786159297E-4
69.0	28.265917300182895	22.12437804694175	21.975551809208728	27.63415284366662	0.0
70.0	27.164595268352805	22.243122061473414	22.436235992122132	28.155967286160678	7.939189096700966E-5
71.0	27.765752950795985	22.628811598825436	22.35608671250264	27.249348737875934	0.0
72.0	28.048882674156374	22.212904581647297	22.220016939393616	27.518195804802716	0.0
73.0	27.21251618947511	22.113546726400823	22.313901156224578	28.360035927899485	0.0
74.0	27.475415415390568	22.700798182800284	22.299085291143456	27.524701110665696	0.0
75.0	28.314502729711943	22.075971431106524	21.998227642856214	27.61129819632532	0.0
76.0	27.50036890182291	21.97771882859943	22.34798654410168	28.16790804046389	0.006017685012091058
77.0	27.674941511213685	22.832398329398156	22.29056770163472	27.19176772103423	0.01032473671921366
78.0	27.855421445005263	22.36044260197257	22.08930625657672	27.69482969644545	0.0
79.0	27.332564254676235	22.22216940301982	22.456942058065113	27.988187265013774	1.3701922505561515E-4
80.0	27.63026498840248	22.652485310756617	22.324923556021247	27.390845145286335	0.0014809995333168516
81.0	28.275314633104298	22.173239083983738	21.95733657624095	27.59377456365929	3.3514301171902174E-4
82.0	27.144943265486177	22.211768137325226	22.46965357624986	28.173635020938736	0.0
83.0	27.76970053560775	22.780011866306282	22.536610064646897	26.913674694338134	2.8391009384988845E-6
84.0	28.009568382901286	22.30325980856566	22.23576954390026	27.451402264632797	0.0
85.0	27.09497036402551	22.265546632204067	22.507488960304325	28.131994043466097	0.0
86.0	27.46525178943195	22.78768453640542	22.332990065515148	27.41407360864748	0.0
87.0	28.135951807354193	22.22795673706651	22.171427366604174	27.464664088975127	0.0
88.0	27.150534124289834	22.145130872101326	22.47530930506708	28.221519005339644	0.00750669320211622
89.0	27.46858731970736	22.77886420611179	22.473112903138812	27.266686093608804	0.012749477433235436
90.0	27.905643749570398	22.295248821116747	22.123005379813094	27.676102049499768	0.0
91.0	27.150380432406507	22.363875828016614	22.35422498793277	28.131498142772664	2.060887144200715E-5
92.0	27.46477054702474	22.684548104818127	22.40291207796055	27.447769270196577	0.0
93.0	28.18510925956481	22.248485785638582	21.98531628135625	27.581088673440355	0.0
94.0	27.252063912908454	22.130372533159	22.424159388960746	28.193404164971795	0.0
95.0	27.634735471291975	22.79622961471536	22.435968076597728	27.13306683739493	0.0
96.0	28.01999906332548	22.219537385378402	22.11908314072976	27.641380410566356	0.0
97.0	27.224690087866687	22.069957676147467	22.438416395371473	28.266914460149213	2.13804651637849E-5
98.0	27.65553653586682	22.66336789808415	22.321533142086913	27.35955319956169	9.224400420890944E-6
99.0	28.19216900030281	22.246927515943344	21.941548462142407	27.61935502161144	0.0
100.0	27.22913398819345	22.11997860379644	22.49626633754864	28.154621070461477	0.0
101.0	27.817183433165365	22.601956011283125	22.44462292174272	27.136199959764117	3.767404466785432E-5
102.0	27.965343356711504	22.216217279323672	22.06898621182618	27.749067391121642	3.857610170026381E-4
103.0	27.184163485489155	22.27701416878955	22.32701832518193	28.211804020539365	0.0
104.0	27.57373047902267	22.764109843755094	22.324721333085154	27.337438344137077	0.0
105.0	28.34824184156227	22.017444973279815	22.009088693091698	27.625224492066213	0.0
106.0	27.28282353604931	22.03211301541376	22.46492763965187	28.220135808885054	0.0
107.0	27.627225760420988	22.668471150780057	22.44106466757659	27.26323842122237	0.0
108.0	28.0672749315413	22.1473346691043	22.198306567410626	27.587083831943783	0.0
109.0	27.37574007535386	22.071218954484912	22.27971756434331	28.273320053211233	3.352606686901436E-6
110.0	27.470323238969513	22.605187646741896	22.35363808581419	27.570702148543802	1.4887993060300398E-4
111.0	28.278767810965466	22.128116052553914	21.95942849569186	27.633622687327748	6.495346101611211E-5
112.0	27.26197418260272	22.035541128545283	22.523633493634726	28.178827027443198	2.4167774068599885E-5
113.0	27.742657046864792	22.583484453618382	22.486576347446775	27.187062429523124	2.1972254692331934E-4
114.0	28.11774810713163	22.25516598281199	21.93556158140341	27.69152432865297	0.0
115.0	27.31804433164047	22.322028442504763	22.325116983384007	28.03480668013988	3.562330887246955E-6
116.0	27.687033465487342	22.636216730654375	22.192842790522086	27.483907013336196	0.0
117.0	28.31186163810439	21.99198138669474	21.930028386135998	27.76612858906487	0.0
118.0	27.3066268192102	22.075172981913934	22.2283995220872	28.389800676788663	0.0
119.0	27.740742321617283	22.656210176615154	22.304262246057856	27.298785255709706	0.0
120.0	28.102524095607055	22.052829658199045	22.076239024306094	27.768403438861604	3.783026197002451E-6
121.0	27.309239043337545	22.090672474712605	22.345302670077697	28.254785811872154	0.0
122.0	27.612420568539918	22.404785812932968	22.249852529233053	27.726939179807758	0.006001909486303841
123.0	28.24910142829874	22.08981287121296	21.94381185797887	27.705491041619716	0.011782800889717835
124.0	27.369685663805992	21.986317285204613	22.327867146200227	28.316129904789168	0.0
125.0	27.95787180895914	22.541544294572724	22.37377245810269	27.126811438365444	0.0
126.0	28.183957223131113	22.07788262199389	21.953472780359206	27.784687374515794	0.0
127.0	27.41531612191998	22.04003350174236	22.301803028062714	28.24283897325811	8.375016839018232E-6
128.0	27.718362256368767	22.541499424842204	22.168415124236724	27.57138268819722	3.4050635508292137E-4
129.0	28.368651947342162	21.88065973383794	21.813882986925535	27.936372671878086	4.326600162784004E-4
130.0	27.25035609343139	21.9355577116804	22.312153292207046	28.50191530804556	1.759463560673913E-5
131.0	27.912978985915593	22.436603090498668	22.27111923122366	27.379119471200795	1.7922116128770942E-4
132.0	28.127868008018748	21.929502996026105	22.102851045094646	27.838755221569507	0.0010227292909988546
133.0	27.41647722442247	21.96861833194897	22.24627593796578	28.36862850566278	0.0
134.0	27.669859644163868	22.550047171489407	22.14987197698599	27.6298518447814	3.69362579332764E-4
135.0	28.448810630978016	22.003325653104827	21.981061698782838	27.566155159001994	6.468581323280188E-4
136.0	27.33447284992338	21.92098215988115	22.3664209070597	28.37778684571725	3.372374185150087E-4
137.0	27.776240102209844	22.706741375668507	22.307484854791216	27.20952829397377	5.373356673045378E-6
138.0	28.077825676336595	22.15888197259974	22.04213410624173	27.715519300053877	0.005638944768066806
139.0	27.05860012057626	22.241211973240034	22.40169557120334	28.298492334980363	0.0
140.0	27.379170877619025	22.740836402114425	22.56592291178805	27.314051854515686	1.7953962807647884E-5
141.0	28.396203346384212	22.059565601516262	22.021034432898833	27.52319661920069	0.0
142.0	27.006507556818743	22.18576002887696	22.654025734230594	28.153595795464337	1.1088460936624032E-4
143.0	27.648823781479926	22.913747199337806	22.684388010737486	26.753034196874676	6.811570105735321E-6
144.0	27.95537033668109	22.380986450286972	22.26592319928039	27.39771290186262	7.111888930501341E-6
145.0	26.861898638959193	22.402450095787927	22.76663689891687	27.96846594804107	5.484182949378768E-4
146.0	27.296067520689714	22.934850874892543	22.78676361174849	26.971538867780204	0.010779124889046508
147.0	28.185431062410686	22.288505462258694	22.448692267633138	27.069874658021863	0.007496549675612162
148.0	26.54969079857581	22.33789106044066	23.023501338198706	28.084270644081844	0.0046461587029814864
149.0	27.348930268346816	23.354638668064407	22.88081593423018	26.40520966776913	0.010405461589470769
150.0	27.539559939505686	22.554991359608334	22.598783540250615	27.30666516063537	0.0
